# bench_roots_real --run: adf_roots_real, median of 5 wall times; eval2 = the exact signs at the end
# points of its balls (the floor of docs/PERF.md, restricted to certificates by exact signs)
family e d prec seconds_median seconds_min seconds_max status balls largest_mantissa_bits signs eval2_seconds ratio
pair 600 0 2 0.000045 0.000041 0.000130 0 2 601 2 0.000001542 29.3
pair 1500 0 2 0.000070 0.000067 0.000139 0 2 1501 2 0.000002585 27.0
pair 3000 0 2 0.000156 0.000146 0.000232 0 2 3001 2 0.000006060 25.7
pair 10000 0 2 0.000629 0.000625 0.000723 0 2 10001 2 0.000030968 20.3
pair 10000 0 53 0.000619 0.000613 0.000654 0 2 10001 2 0.000030892 20.0
pair 100000 0 2 0.014015 0.013994 0.014256 0 2 100001 2 0.000699598 20.0
thirds 3000 0 2 0.004785 0.004730 0.004835 0 2 3006 4 0.000014757 324.2
thirds 10000 0 53 0.032318 0.032044 0.032363 0 2 10006 4 0.000069965 461.9
thirds 30000 0 2 0.220733 0.215765 0.224059 0 2 30006 4 0.000295470 747.1
close 1200 0 2 0.000061 0.000058 0.000135 0 2 1201 2 0.000002515 24.2
close 10000 0 2 0.000866 0.000857 0.000965 0 2 10001 2 0.000042053 20.6
far 100000 0 2 0.004602 0.004590 0.004734 0 2 2 2 0.000699144 6.6
deg 300 2 2 0.000261 0.000248 0.000312 0 2 301 2 0.000000824 316.7
deg 300 4 2 0.000566 0.000554 0.000635 0 4 301 4 0.000002648 213.6
deg 300 8 2 0.001791 0.001780 0.001914 0 8 301 8 0.000011552 155.0
deg 300 16 2 0.007447 0.007428 0.007642 0 16 301 16 0.000097767 76.2
small 0 20 53 0.000297 0.000274 0.000351 0 20 5 20 0.000010837 27.4
mignotte 7 20 53 0.000346 0.000331 0.000433 0 4 74 8 0.000016532 20.9
sqrt2 0 0 53 0.000015 0.000015 0.000036 0 2 64 4 0.000001625 9.5
sqrt2 0 0 4096 0.000315 0.000305 0.000436 0 2 8192 4 0.000045689 6.9
sqrt2 0 0 65536 0.012360 0.012355 0.012554 0 2 131072 4 0.002059061 6.0
sqrt2 0 0 2097152 0.857940 0.852741 0.864011 0 2 4194304 4 0.130484279 6.6
x5 0 0 65536 0.021669 0.021575 0.022590 0 1 65538 2 0.003911315 5.5
