1790547414.503516768 400260
1790547414.517067676 3799961
1790547414.530397191 3799961
1790547414.543697439 3799961
1790547414.556879695 3800000
1790547414.570036758 3800000
1790547414.583136528 3800000
1790547414.596373749 3800038
1790547414.609685099 3800000
1790547414.623224967 3800000
1790547414.637017882 3799961
1790547414.650718597 3799961
1790547414.664203902 3799961
1790547414.677848235 3799961
1790547414.691564622 3800000
1790547414.704996210 3800000
1790547414.718336851 3800000
1790547414.732042347 3800000
1790547414.745869256 3800000
1790547414.759433526 3800038
1790547414.773213709 3800000
1790547414.786846543 3799961
1790547414.800400876 3800000
1790547414.813850425 3800000
1790547414.827343186 3799961
1790547414.840961763 3799961
1790547414.854466169 3799961
1790547414.867858170 3800000
1790547414.881077425 3800038
1790547414.894324184 3799961
1790547414.907588838 3800000
1790547414.920916358 3800038
1790547414.934206333 3800000
1790547414.947661673 3800000
1790547414.961100308 3800038
1790547414.974351997 3800000
1790547414.987748216 3800038
1790547415.001330794 3800038
1790547415.014915254 3800000
1790547415.028272087 3799961
1790547415.041581210 3799961
1790547415.055002922 3800000
1790547415.068408540 3799961
1790547415.081837723 3800000
1790547415.095234026 3800000
1790547415.108713165 3800038
1790547415.122124083 3800000
1790547415.135470300 3800000
1790547415.148885068 3800000
1790547415.162309853 3800000
1790547415.175681550 3800000
1790547415.189095701 3799961
1790547415.202412155 3800000
1790547415.215698176 3800038
1790547415.228958029 3800038
1790547415.242303813 3800000
1790547415.255780057 3800000
1790547415.269591067 3800038
1790547415.283479082 3800000
1790547415.297431496 3800000
1790547415.311197676 3800000
1790547415.324730175 3800038
1790547415.338308081 3800000
1790547415.351914924 3799961
1790547415.365413747 3800038
1790547415.378999111 3800000
1790547415.392499119 3800038
1790547415.406115978 3800000
1790547415.419623830 3800000
1790547415.433132802 3800000
1790547415.446575072 3800000
1790547415.460165578 3800000
1790547415.473934804 3800000
1790547415.487577109 3799961
1790547415.501423640 3799961
1790547415.515161665 3800000
1790547415.528658997 3800000
1790547415.542157221 3800000
1790547415.555705269 3800038
1790547415.569188326 3800000
1790547415.582534216 3800000
1790547415.596066852 3800000
1790547415.609629405 3800000
1790547415.623544598 3800000
1790547415.637464737 3800038
1790547415.651374294 3799961
1790547415.664928389 3800000
1790547415.678388938 3799961
1790547415.691838554 3800000
1790547415.705510170 3800000
1790547415.719213609 3799961
1790547415.732745472 3800000
1790547415.746146899 3800000
1790547415.759719470 3800000
1790547415.773252142 3800000
1790547415.787145922 3800038
1790547415.801144360 3799961
1790547415.814699200 3799961
1790547415.828144896 3799961
1790547415.841585277 3799961
1790547415.855159555 3800038
1790547415.868647489 3800000
1790547415.882250946 3800000
1790547415.895899826 3800038
1790547415.909489726 3800000
1790547415.923044769 3800000
1790547415.936398105 3800000
1790547415.949982123 3800000
1790547415.963515446 3799961
1790547415.977121225 3800000
1790547415.990460230 3800038
1790547416.003926747 3799961
1790547416.017268209 3800000
1790547416.030795007 3799961
1790547416.044395852 3800038
1790547416.057817728 3800000
1790547416.071733628 3800038
1790547416.086111894 3799961
1790547416.100491279 3800000
1790547416.114307461 3800038
1790547416.127822632 3800000
1790547416.141479644 3800000
1790547416.155199010 3800000
1790547416.168743916 3800000
1790547416.182166094 3800000
1790547416.195647078 3800038
1790547416.209418083 3800000
1790547416.222965443 3800000
1790547416.236500470 3799961
1790547416.250119403 3800000
1790547416.263689389 3800000
1790547416.277198330 3800000
1790547416.290990741 3799961
1790547416.304578483 3800038
1790547416.318148986 3800038
1790547416.331759814 3799961
1790547416.345286292 3800000
1790547416.358708796 3800038
1790547416.372155783 3800000
1790547416.385791590 3800000
1790547416.399304826 3800038
1790547416.412688113 3800000
1790547416.426117942 3800038
1790547416.439582409 3800038
1790547416.453120574 3800038
1790547416.466408825 3800038
1790547416.480225270 3800000
1790547416.494021317 3800038
1790547416.507429259 3800000
1790547416.520909088 3800038
1790547416.534471370 3800000
1790547416.548102359 3800000
1790547416.561438395 3800000
1790547416.574847965 3800000
1790547416.588333367 3800038
1790547416.601827567 3800000
1790547416.615524192 3800038
1790547416.629496118 3800000
1790547416.643248326 3800000
1790547416.656628363 3800000
1790547416.670132978 3800000
1790547416.683617322 3800000
1790547416.697300147 3800038
1790547416.710894672 3800000
1790547416.724305106 3799961
1790547416.737909420 3800000
1790547416.751411624 3800000
1790547416.764772434 3800000
1790547416.778123158 3800000
1790547416.791468645 3800038
1790547416.805035078 3800000
1790547416.818417911 3800000
1790547416.832177193 3800038
1790547416.846000928 3800038
1790547416.859349012 3800000
1790547416.872983115 3800000
1790547416.886623297 3799961
1790547416.900286629 3799961
1790547416.913889105 3800000
1790547416.927349909 3800000
1790547416.940895785 690146
1790547416.954618891 400152
1790547416.970509819 400000
1790547416.987536342 1000000
1790547417.004329587 400000
1790547417.021057362 400000
1790547417.037875746 400000
1790547417.055217101 400000
1790547417.072649663 400000
1790547417.089973515 513611
1790547417.107431241 400000
1790547417.125009348 400000
1790547417.142403492 400000
1790547417.160121227 400000
1790547417.177802535 400000
1790547417.195120598 400000
1790547417.211781658 400000
1790547417.228000481 910453
1790547417.244500379 910453
1790547417.261453009 400000
1790547417.278106317 1009316
1790547417.294664608 400000
1790547417.311132567 400500
1790547417.327070624 400000
1790547417.343285281 400000
1790547417.360709740 400000
1790547417.378072359 400000
1790547417.395551439 400000
1790547417.412230244 400000
1790547417.428718384 883672
1790547417.446001214 883672
1790547417.463102215 400000
1790547417.479480773 400000
1790547417.495663853 400000
1790547417.513228362 400000
1790547417.530895811 400000
1790547417.548142965 400000
1790547417.564849121 400000
1790547417.582232354 400000
1790547417.599396513 400000
1790547417.616063851 624698
1790547417.635347265 400171
1790547417.653230356 400000
1790547417.670413157 400000
1790547417.687775582 400000
1790547417.705218796 534640
1790547417.722692896 947358
1790547417.740315634 717936
1790547417.758170408 400000
1790547417.776080101 400000
1790547417.793196961 400000
1790547417.809895523 930952
1790547417.826238250 400000
1790547417.842462616 1061272
1790547417.859810055 400000
1790547417.877751200 400000
1790547417.894912160 400000
1790547417.912170016 491709
1790547417.927940769 400000
1790547417.941935242 400320
1790547417.956315291 400320
1790547417.970510609 400000
1790547417.985338915 400000
1790547418.003139925 400000
1790547418.019062010 400000
1790547418.035204935 1847658
1790547418.052796474 650701
1790547418.070065801 400000
1790547418.087078485 400000
1790547418.104348434 400000
1790547418.121863080 400000
1790547418.139235845 852203
1790547418.156264264 400000
1790547418.173593687 400000
1790547418.191571834 400000
1790547418.211336226 400000
1790547418.224762861 400000
1790547418.238328680 400000
1790547418.253919392 400000
1790547418.274422114 3700000
1790547418.290469207 399270
1790547418.307304819 1400000
1790547418.324005563 400000
1790547418.339349722 400259
1790547418.354735334 400000
1790547418.370971618 1414961
1790547418.387409082 399684
1790547418.404756061 627783
1790547418.423667581 706712
1790547418.439757394 2258053
1790547418.454382126 3606705
1790547418.469045301 3800038
1790547418.486100622 400000
1790547418.502803884 400000
1790547418.519038785 400000
1790547418.534669115 553945
1790547418.551409617 1280534
1790547418.569405925 400000
1790547418.587241385 400000
1790547418.604855052 1224416
1790547418.621635778 1360310
1790547418.639495232 1360310
1790547418.655778657 1009742
1790547418.673003655 1009742
1790547418.690421024 400000
1790547418.708079893 400000
1790547418.725449178 400000
1790547418.742628141 400000
1790547418.759807413 400000
1790547418.777213120 400000
1790547418.793083722 459475
1790547418.807402712 395099
1790547418.821516094 400000
1790547418.838381702 993337
1790547418.856455829 993337
1790547418.873736979 397138
1790547418.891530736 400166
1790547418.909361250 400172
1790547418.925687814 3800038
1790547418.939423376 3800000
1790547418.953230525 3799961
1790547418.969035804 3667632
1790547418.986296507 400000
1790547419.003498182 400000
1790547419.020775097 400000
1790547419.038207063 400000
1790547419.055857972 400000
1790547419.073618352 400000
1790547419.091263810 400000
1790547419.104673365 400000
1790547419.118311726 400000
1790547419.133987365 644629
1790547419.151707915 400242
1790547419.169547609 400000
1790547419.186606815 478233
1790547419.203494735 400000
1790547419.220727983 400000
1790547419.237590120 400000
1790547419.254393228 400000
1790547419.272111294 400000
1790547419.289843867 400000
1790547419.307290421 400000
1790547419.323798067 400000
1790547419.340621242 1171605
1790547419.358409606 873303
1790547419.376057314 873303
1790547419.393301422 400000
1790547419.410373777 400000
1790547419.427546372 1169156
1790547419.444703295 772826
1790547419.460901567 400000
1790547419.477060668 400000
1790547419.494936983 400000
1790547419.512892210 400000
1790547419.530174279 400000
1790547419.547377418 400000
1790547419.564354386 400000
1790547419.581031184 400000
1790547419.598022845 400000
1790547419.614320287 1103573
1790547419.632913392 400000
1790547419.650502011 400000
1790547419.668058050 400000
1790547419.684974091 400000
1790547419.702039525 400000
1790547419.719456559 400000
1790547419.737090099 400000
1790547419.754472858 1310677
1790547419.770735735 400186
1790547419.786695058 400086
1790547419.803583826 400000
1790547419.820769361 400000
1790547419.837530194 992584
1790547419.853715910 400000
1790547419.870544337 516989
1790547419.888383792 400000
1790547419.905588428 400000
1790547419.923080319 400000
1790547419.940627194 719151
1790547419.956610036 1900000
1790547419.971525139 1920415
1790547419.986659103 585940
1790547420.000715199 1360384
1790547420.015455454 2882417
1790547420.031727738 400000
1790547420.049170390 400000
1790547420.066587341 400000
1790547420.082748122 400000
1790547420.097362325 400000
1790547420.111574648 2438916
1790547420.127411080 400060
1790547420.143965415 399875
1790547420.158268873 2544730
1790547420.172621130 3603442
1790547420.186478607 3800000
1790547420.200289112 3799963
1790547420.216143391 400000
1790547420.233636401 1604365
1790547420.250590107 400000
1790547420.264979037 920140
1790547420.279790409 920140
1790547420.298072114 400000
1790547420.316045510 1355379
1790547420.335078275 1355379
1790547420.350681245 400000
1790547420.368173084 400000
1790547420.385809878 857092
1790547420.403106194 771096
1790547420.420424530 400000
1790547420.437668968 400000
1790547420.454812392 400000
1790547420.471924139 998432
1790547420.490191284 400000
1790547420.507183756 400000
1790547420.523816558 1060598
1790547420.540085252 1060598
1790547420.554564711 400000
1790547420.569447358 558403
1790547420.586747990 1165753
1790547420.603699545 784405
