 16:29:12 up 1 day, 20:44,  3 users,  load average: 4,72, 3,00, 1,99
family pair e 600 degree 2 prec 2 coefficient bits 1221
# prec iterations total_iterations log2_max_midpoint correction isolated min_accuracy seconds_iterate seconds_validate
32 32 32 601 -13 0 12 0.000094 0.000063
64 6 38 601 -22 0 20 0.000013 0.000006
128 11 49 601 -37 0 36 0.000034 0.000007
256 23 72 601 -69 0 67 0.000110 0.000009
512 47 119 601 -134 0 133 0.000285 0.000009
1024 72 191 601 -234 0 233 0.000766 0.000012
2048 72 263 601 -334 0 333 0.002003 0.000020
4096 72 335 601 -434 0 433 0.005477 0.000045
8192 72 407 601 -534 0 533 0.016281 0.000116
16384 59 466 601 -29797 2 15780 0.038624 0.000143
trace: total 0.064116 s, last prec 16384, iterations 466
family pair e 900 degree 2 prec 2 coefficient bits 1821
# prec iterations total_iterations log2_max_midpoint correction isolated min_accuracy seconds_iterate seconds_validate
32 32 32 901 -1 0 -2 0.000140 0.000075
64 15 47 901 -22 0 20 0.000046 0.000009
128 11 58 901 -37 0 35 0.000048 0.000009
256 23 81 901 -69 0 67 0.000188 0.000014
512 47 128 901 -134 0 133 0.000521 0.000016
1024 72 200 901 -234 0 233 0.001314 0.000029
2048 72 272 901 -334 0 333 0.002212 0.000027
4096 72 344 901 -434 0 433 0.005435 0.000044
8192 72 416 901 -534 0 533 0.017695 0.000143
16384 72 488 901 -634 0 633 0.047310 0.000293
32768 72 560 901 -734 0 733 0.129128 0.000777
65536 72 632 901 -834 0 832 0.336863 0.001859
131072 61 693 901 -217128 2 130168 0.750006 0.001775
trace: total 1.295975 s, last prec 131072, iterations 693
family pair e 1200 degree 2 prec 2 coefficient bits 2421
# prec iterations total_iterations log2_max_midpoint correction isolated min_accuracy seconds_iterate seconds_validate
32 32 32 1499 0 0 -300 0.000087 0.000063
64 21 53 1201 -22 0 20 0.000041 0.000006
128 11 64 1201 -37 0 36 0.000033 0.000007
256 23 87 1201 -69 0 67 0.000108 0.000009
512 47 134 1201 -134 0 133 0.000277 0.000009
1024 72 206 1201 -234 0 233 0.000719 0.000011
2048 72 278 1201 -334 0 333 0.001931 0.000022
4096 72 350 1201 -434 0 433 0.005181 0.000045
8192 72 422 1201 -534 0 533 0.015962 0.000120
16384 72 494 1201 -634 0 633 0.047290 0.000283
32768 72 566 1201 -734 0 733 0.136429 0.000854
65536 72 638 1201 -834 0 833 0.367991 0.002093
131072 72 710 1201 -934 0 932 1.477335 0.007688
262144 72 782 1201 -1034 0 1032 2.397710 0.011433
524288 72 854 1201 -1134 0 1132 5.624615 0.030445
1048576 63 917 1201 -1047376 2 1047373 11.086238 0.024353
trace: total 21.239387 s, last prec 1048576, iterations 917
family close e 600 degree 2 prec 2 coefficient bits 602
# prec iterations total_iterations log2_max_midpoint correction isolated min_accuracy seconds_iterate seconds_validate
32 12 12 1 -14 0 12 0.000085 0.000087
64 5 17 1 -21 0 20 0.000019 0.000009
128 12 29 1 -37 0 37 0.000050 0.000010
256 23 52 1 -69 0 69 0.000129 0.000010
512 46 98 1 -133 0 132 0.000525 0.000018
1024 72 170 1 -233 0 232 0.000952 0.000015
2048 72 242 1 -333 0 332 0.001982 0.000021
4096 72 314 1 -433 0 432 0.006625 0.000088
8192 72 386 1 -533 0 532 0.018461 0.000191
16384 60 446 1 -25803 2 15781 0.062801 0.000216
trace: total 0.092291 s, last prec 16384, iterations 446
family far e 600 degree 2 prec 2 coefficient bits 1202
# prec iterations total_iterations log2_max_midpoint correction isolated min_accuracy seconds_iterate seconds_validate
32 25 25 602 -32 2 29 0.000140 0.000069
trace: total 0.000209 s, last prec 32, iterations 25
family close e 1200 degree 2 prec 2 coefficient bits 1202
# prec iterations total_iterations log2_max_midpoint correction isolated min_accuracy seconds_iterate seconds_validate
32 12 12 1 -14 0 12 0.000094 0.000076
64 5 17 1 -21 0 20 0.000021 0.000011
128 12 29 1 -37 0 37 0.000066 0.000012
256 23 52 1 -69 0 69 0.000216 0.000015
512 46 98 1 -133 0 132 0.000534 0.000015
1024 72 170 1 -233 0 232 0.001424 0.000021
2048 72 242 1 -333 0 332 0.003393 0.000036
4096 72 314 1 -433 0 432 0.008904 0.000078
8192 72 386 1 -533 0 532 0.026383 0.000187
16384 72 458 1 -633 0 632 0.073606 0.000346
32768 72 530 1 -733 0 732 0.166027 0.000781
65536 72 602 1 -833 0 832 0.430757 0.003371
131072 72 674 1 -933 0 932 1.052444 0.005567
262144 72 746 1 -1033 0 1032 2.657285 0.013289
