4 2 0 1 0 -3 0 -5
5 2 0 1 0 -3 0 -5
6 2 0 1 0 -3 0 -5
4 2 217 213 0 0 1 -4
5 2 217 213 0 0 1 -4
6 2 217 213 0 0 1 -4
4 2 0 1 0 -1 0 -3
5 2 0 1 0 -1 0 -3
6 2 0 1 0 -1 0 -3
4 2 -89 119 2 0 1 -2
5 2 -89 119 2 0 1 -2
6 2 -89 119 2 0 1 -2
4 2 0 1 0 1 0 -1
5 2 0 1 0 1 0 -1
6 2 0 1 0 1 0 -1
4 2 89 151 2 0 1 0
5 2 89 151 2 0 1 0
6 2 89 151 2 0 1 0
4 2 5 1 0 3 0 1
5 2 5 1 0 3 0 1
6 2 5 1 0 3 0 1
4 2 575 567 -4 0 1 2
5 2 575 567 -4 0 1 2
6 2 575 567 -4 0 1 2
4 2 25 1 0 5 0 3
5 2 25 1 0 5 0 3
6 2 25 1 0 5 0 3
4 2 -1303 1591 2 0 1 4
5 2 -1303 1591 2 0 1 4
6 2 -1303 1591 2 0 1 4
4 2 13 1 3 7 0 5
5 2 13 1 3 7 0 5
6 2 13 1 3 7 0 5
4 2 41 23 2 0 1 6
5 2 41 23 2 0 1 6
6 2 41 23 2 0 1 6
4 2 57 1 1 9 0 7
5 2 57 1 1 9 0 7
6 2 57 1 1 9 0 7
4 2 1175 1147 0 0 1 8
5 2 1175 1147 0 0 1 8
6 2 1175 1147 0 0 1 8
4 2 7631 1 -2 11 0 9
5 2 7631 1 -2 11 0 9
6 2 7631 1 -2 11 0 9
4 2 1501 289 1 0 1 10
5 2 1501 289 1 0 1 10
6 2 1501 289 1 0 1 10
4 2 6833 1 -1 13 0 11
5 2 6833 1 -1 13 0 11
6 2 6833 1 -1 13 0 11
4 2 -529 487 1 0 1 12
5 2 -529 487 1 0 1 12
6 2 -529 487 1 0 1 12
4 2 0 1 0 -2 0 13
5 2 0 1 0 -2 0 13
6 2 0 1 0 -2 0 13
4 2 71 51 0 0 1 14
5 2 71 51 0 0 1 14
6 2 71 51 0 0 1 14
4 2 13 1 -4 0 0 15
5 2 13 1 -4 0 0 15
6 2 13 1 -4 0 0 15
4 2 221 175 1 0 1 16
5 2 221 175 1 0 1 16
6 2 221 175 1 0 1 16
4 2 3 1 0 2 0 17
5 2 3 1 0 2 0 17
6 2 3 1 0 2 0 17
4 2 47 81 2 0 1 18
5 2 47 81 2 0 1 18
6 2 47 81 2 0 1 18
4 2 7 1 1 4 0 19
5 2 7 1 1 4 0 19
6 2 7 1 1 4 0 19
4 2 1757 1705 0 0 1 20
5 2 1757 1705 0 0 1 20
6 2 1757 1705 0 0 1 20
4 2 45 1 0 6 0 21
5 2 45 1 0 6 0 21
6 2 45 1 0 6 0 21
4 2 599 33 0 0 1 22
5 2 599 33 0 0 1 22
6 2 599 33 0 0 1 22
4 2 495 1 -1 8 0 23
5 2 495 1 -1 8 0 23
6 2 495 1 -1 8 0 23
4 2 -1769 43 -5 0 1 24
5 2 -1769 43 -5 0 1 24
6 2 -1769 43 -5 0 1 24
4 2 125 1 2 10 0 25
5 2 125 1 2 10 0 25
6 2 125 1 2 10 0 25
4 2 569 537 0 0 1 26
5 2 569 537 0 0 1 26
6 2 569 537 0 0 1 26
4 2 5099 1 -1 12 0 27
5 2 5099 1 -1 12 0 27
6 2 5099 1 -1 12 0 27
4 2 -293 431 2 0 1 -5
5 2 -293 431 2 0 1 -5
6 2 -293 431 2 0 1 -5
4 2 0 1 0 -3 0 -4
5 2 0 1 0 -3 0 -4
6 2 0 1 0 -3 0 -4
4 2 85 97 -7 0 1 -3
5 2 85 97 -7 0 1 -3
6 2 85 97 -7 0 1 -3
4 2 0 1 0 -1 0 -2
5 2 0 1 0 -1 0 -2
6 2 0 1 0 -1 0 -2
4 2 455 109 -2 0 1 -1
5 2 455 109 -2 0 1 -1
6 2 455 109 -2 0 1 -1
4 2 1 1 -2 1 0 0
5 2 1 1 -2 1 0 0
6 2 1 1 -2 1 0 0
4 2 -4533 311 2 0 1 1
5 2 -4533 311 2 0 1 1
6 2 -4533 311 2 0 1 1
4 2 7 1 0 3 0 2
5 2 7 1 0 3 0 2
6 2 7 1 0 3 0 2
4 2 1069 769 0 0 1 3
5 2 1069 769 0 0 1 3
6 2 1069 769 0 0 1 3
4 2 55 1 -2 5 0 4
5 2 55 1 -2 5 0 4
6 2 55 1 -2 5 0 4
4 2 1139 1051 0 0 1 5
5 2 1139 1051 0 0 1 5
6 2 1139 1051 0 0 1 5
4 2 87 1 0 7 0 6
5 2 87 1 0 7 0 6
6 2 87 1 0 7 0 6
4 2 -173 227 4 0 1 7
5 2 -173 227 4 0 1 7
6 2 -173 227 4 0 1 7
4 2 2007 1 -2 9 0 8
5 2 2007 1 -2 9 0 8
6 2 2007 1 -2 9 0 8
4 2 241 473 -2 0 1 9
5 2 241 473 -2 0 1 9
6 2 241 473 -2 0 1 9
4 3 0 1 0 -3 0 -5
5 3 0 1 0 -3 0 -5
6 3 0 1 0 -3 0 -5
4 3 185 184 0 0 1 -4
5 3 185 184 0 0 1 -4
6 3 185 184 0 0 1 -4
4 3 0 1 0 -1 0 -3
5 3 0 1 0 -1 0 -3
6 3 0 1 0 -1 0 -3
4 3 349 17 1 0 1 -2
5 3 349 17 1 0 1 -2
6 3 349 17 1 0 1 -2
4 3 1 1 0 1 0 -1
5 3 1 1 0 1 0 -1
6 3 1 1 0 1 0 -1
4 3 2233 718 0 0 1 0
5 3 2233 718 0 0 1 0
6 3 2233 718 0 0 1 0
4 3 16 1 -1 3 0 1
5 3 16 1 -1 3 0 1
6 3 16 1 -1 3 0 1
4 3 23 199 -2 0 1 2
5 3 23 199 -2 0 1 2
6 3 23 199 -2 0 1 2
4 3 184 1 0 5 0 3
5 3 184 1 0 5 0 3
6 3 184 1 0 5 0 3
4 3 -2951 430 1 0 1 4
5 3 -2951 430 1 0 1 4
6 3 -2951 430 1 0 1 4
4 3 463 1 0 7 0 5
5 3 463 1 0 7 0 5
6 3 463 1 0 7 0 5
4 3 4856 127 -2 0 1 6
5 3 4856 127 -2 0 1 6
6 3 4856 127 -2 0 1 6
4 3 971 1 2 9 0 7
5 3 971 1 2 9 0 7
6 3 971 1 2 9 0 7
4 3 55 16 -1 0 1 8
5 3 55 16 -1 0 1 8
6 3 55 16 -1 0 1 8
4 3 2039989 1 -3 11 0 9
5 3 2039989 1 -3 11 0 9
6 3 2039989 1 -3 11 0 9
4 3 -3098 73 1 0 1 10
5 3 -3098 73 1 0 1 10
6 3 -3098 73 1 0 1 10
4 3 1140466 1 0 13 0 11
5 3 1140466 1 0 13 0 11
6 3 1140466 1 0 13 0 11
4 3 889 1522 0 0 1 12
5 3 889 1522 0 0 1 12
6 3 889 1522 0 0 1 12
4 3 0 1 0 -2 0 13
5 3 0 1 0 -2 0 13
6 3 0 1 0 -2 0 13
4 3 347 335 0 0 1 14
5 3 347 335 0 0 1 14
6 3 347 335 0 0 1 14
4 3 0 1 0 0 0 15
5 3 0 1 0 0 0 15
6 3 0 1 0 0 0 15
4 3 4378 137 -1 0 1 16
5 3 4378 137 -1 0 1 16
6 3 4378 137 -1 0 1 16
4 3 5 1 0 2 0 17
5 3 5 1 0 2 0 17
6 3 5 1 0 2 0 17
4 3 86 355 0 0 1 18
5 3 86 355 0 0 1 18
6 3 86 355 0 0 1 18
4 3 79 1 0 4 0 19
5 3 79 1 0 4 0 19
6 3 79 1 0 4 0 19
4 3 485 446 0 0 1 20
5 3 485 446 0 0 1 20
6 3 485 446 0 0 1 20
4 3 73 1 0 6 0 21
5 3 73 1 0 6 0 21
6 3 73 1 0 6 0 21
4 3 80 31 1 0 1 22
5 3 80 31 1 0 1 22
6 3 80 31 1 0 1 22
4 3 2947 1 -1 8 0 23
5 3 2947 1 -1 8 0 23
6 3 2947 1 -1 8 0 23
4 3 422 163 0 0 1 24
5 3 422 163 0 0 1 24
6 3 422 163 0 0 1 24
4 3 5041 1 2 10 0 25
5 3 5041 1 2 10 0 25
6 3 5041 1 2 10 0 25
4 3 175 151 0 0 1 26
5 3 175 151 0 0 1 26
6 3 175 151 0 0 1 26
4 3 889966 1 -2 12 0 27
5 3 889966 1 -2 12 0 27
6 3 889966 1 -2 12 0 27
4 3 4582 983 1 0 1 -5
5 3 4582 983 1 0 1 -5
6 3 4582 983 1 0 1 -5
4 3 0 1 0 -3 0 -4
5 3 0 1 0 -3 0 -4
6 3 0 1 0 -3 0 -4
4 3 2867 95 -4 0 1 -3
5 3 2867 95 -4 0 1 -3
6 3 2867 95 -4 0 1 -3
4 3 0 1 0 -1 0 -2
5 3 0 1 0 -1 0 -2
6 3 0 1 0 -1 0 -2
4 3 221 107 0 0 1 -1
5 3 221 107 0 0 1 -1
6 3 221 107 0 0 1 -1
4 3 0 1 0 1 0 0
5 3 0 1 0 1 0 0
6 3 0 1 0 1 0 0
4 3 -2275 421 1 0 1 1
5 3 -2275 421 1 0 1 1
6 3 -2275 421 1 0 1 1
4 3 13 1 0 3 0 2
5 3 13 1 0 3 0 2
6 3 13 1 0 3 0 2
4 3 -1351 1733 0 0 1 3
5 3 -1351 1733 0 0 1 3
6 3 -1351 1733 0 0 1 3
4 3 4 1 -3 5 0 4
5 3 4 1 -3 5 0 4
6 3 4 1 -3 5 0 4
4 3 925 793 0 0 1 5
5 3 925 793 0 0 1 5
6 3 925 793 0 0 1 5
4 3 578 1 0 7 0 6
5 3 578 1 0 7 0 6
6 3 578 1 0 7 0 6
4 3 536 779 1 0 1 7
5 3 536 779 1 0 1 7
6 3 536 779 1 0 1 7
4 3 13556 1 -1 9 0 8
5 3 13556 1 -1 9 0 8
6 3 13556 1 -1 9 0 8
4 3 4766 1129 0 0 1 9
5 3 4766 1129 0 0 1 9
6 3 4766 1129 0 0 1 9
4 5 0 1 0 -3 0 -5
5 5 0 1 0 -3 0 -5
6 5 0 1 0 -3 0 -5
4 5 459 449 0 0 1 -4
5 5 459 449 0 0 1 -4
6 5 459 449 0 0 1 -4
4 5 0 1 0 -1 0 -3
5 5 0 1 0 -1 0 -3
6 5 0 1 0 -1 0 -3
4 5 302 509 1 0 1 -2
5 5 302 509 1 0 1 -2
6 5 302 509 1 0 1 -2
4 5 1 1 0 1 0 -1
5 5 1 1 0 1 0 -1
6 5 1 1 0 1 0 -1
4 5 1994 963 0 0 1 0
5 5 1994 963 0 0 1 0
6 5 1994 963 0 0 1 0
4 5 2 1 1 3 0 1
5 5 2 1 1 3 0 1
6 5 2 1 1 3 0 1
4 5 163 153 -4 0 1 2
5 5 163 153 -4 0 1 2
6 5 163 153 -4 0 1 2
4 5 2536 1 0 5 0 3
5 5 2536 1 0 5 0 3
6 5 2536 1 0 5 0 3
4 5 162 701 2 0 1 4
5 5 162 701 2 0 1 4
6 5 162 701 2 0 1 4
4 5 18734 1 0 7 0 5
5 5 18734 1 0 7 0 5
6 5 18734 1 0 7 0 5
4 5 -1 1121 3 0 1 6
5 5 -1 1121 3 0 1 6
6 5 -1 1121 3 0 1 6
4 5 376456 1 1 9 0 7
5 5 376456 1 1 9 0 7
6 5 376456 1 1 9 0 7
4 5 23 18 0 0 1 8
5 5 23 18 0 0 1 8
6 5 23 18 0 0 1 8
4 5 1865841584 1 -3 11 0 9
5 5 1865841584 1 -3 11 0 9
6 5 1865841584 1 -3 11 0 9
4 5 -1448 489 1 0 1 10
5 5 -1448 489 1 0 1 10
6 5 -1448 489 1 0 1 10
4 5 1862089518 1 -1 13 0 11
5 5 1862089518 1 -1 13 0 11
6 5 1862089518 1 -1 13 0 11
4 5 -1311 127 -1 0 1 12
5 5 -1311 127 -1 0 1 12
6 5 -1311 127 -1 0 1 12
4 5 0 1 0 -2 0 13
5 5 0 1 0 -2 0 13
6 5 0 1 0 -2 0 13
4 5 172 147 0 0 1 14
5 5 172 147 0 0 1 14
6 5 172 147 0 0 1 14
4 5 0 1 0 0 0 15
5 5 0 1 0 0 0 15
6 5 0 1 0 0 0 15
4 5 -937 627 -1 0 1 16
5 5 -937 627 -1 0 1 16
6 5 -937 627 -1 0 1 16
4 5 21 1 0 2 0 17
5 5 21 1 0 2 0 17
6 5 21 1 0 2 0 17
4 5 4847 506 0 0 1 18
5 5 4847 506 0 0 1 18
6 5 4847 506 0 0 1 18
4 5 19 1 2 4 0 19
5 5 19 1 2 4 0 19
6 5 19 1 2 4 0 19
4 5 697 632 0 0 1 20
5 5 697 632 0 0 1 20
6 5 697 632 0 0 1 20
4 5 5906 1 0 6 0 21
5 5 5906 1 0 6 0 21
6 5 5906 1 0 6 0 21
4 5 1057 773 1 0 1 22
5 5 1057 773 1 0 1 22
6 5 1057 773 1 0 1 22
4 5 1832256 1 -1 8 0 23
5 5 1832256 1 -1 8 0 23
6 5 1832256 1 -1 8 0 23
4 5 -1981 202 0 0 1 24
5 5 -1981 202 0 0 1 24
6 5 -1981 202 0 0 1 24
4 5 965254 1 1 10 0 25
5 5 965254 1 1 10 0 25
6 5 965254 1 1 10 0 25
4 5 1749 1589 0 0 1 26
5 5 1749 1589 0 0 1 26
6 5 1749 1589 0 0 1 26
4 5 140917912 1 0 12 0 27
5 5 140917912 1 0 12 0 27
6 5 140917912 1 0 12 0 27
4 5 -291 931 1 0 1 -5
5 5 -291 931 1 0 1 -5
6 5 -291 931 1 0 1 -5
4 5 0 1 0 -3 0 -4
5 5 0 1 0 -3 0 -4
6 5 0 1 0 -3 0 -4
4 5 158 963 -4 0 1 -3
5 5 158 963 -4 0 1 -3
6 5 158 963 -4 0 1 -3
4 5 0 1 0 -1 0 -2
5 5 0 1 0 -1 0 -2
6 5 0 1 0 -1 0 -2
4 5 657 562 0 0 1 -1
5 5 657 562 0 0 1 -1
6 5 657 562 0 0 1 -1
4 5 2 1 0 1 0 0
5 5 2 1 0 1 0 0
6 5 2 1 0 1 0 0
4 5 -519 1514 2 0 1 1
5 5 -519 1514 2 0 1 1
6 5 -519 1514 2 0 1 1
4 5 111 1 0 3 0 2
5 5 111 1 0 3 0 2
6 5 111 1 0 3 0 2
4 5 1153 724 0 0 1 3
5 5 1153 724 0 0 1 3
6 5 1153 724 0 0 1 3
4 5 28802 1 -2 5 0 4
5 5 28802 1 -2 5 0 4
6 5 28802 1 -2 5 0 4
4 5 174 119 0 0 1 5
5 5 174 119 0 0 1 5
6 5 174 119 0 0 1 5
4 5 247483 1 -1 7 0 6
5 5 247483 1 -1 7 0 6
6 5 247483 1 -1 7 0 6
4 5 292 37 1 0 1 7
5 5 292 37 1 0 1 7
6 5 292 37 1 0 1 7
4 5 156032 1 1 9 0 8
5 5 156032 1 1 9 0 8
6 5 156032 1 1 9 0 8
4 5 -518 1087 1 0 1 9
5 5 -518 1087 1 0 1 9
6 5 -518 1087 1 0 1 9
4 7 0 1 0 -3 0 -5
5 7 0 1 0 -3 0 -5
6 7 0 1 0 -3 0 -5
4 7 545 531 0 0 1 -4
5 7 545 531 0 0 1 -4
6 7 545 531 0 0 1 -4
4 7 0 1 0 -1 0 -3
5 7 0 1 0 -1 0 -3
6 7 0 1 0 -1 0 -3
4 7 926 1423 1 0 1 -2
5 7 926 1423 1 0 1 -2
6 7 926 1423 1 0 1 -2
4 7 1 1 0 1 0 -1
5 7 1 1 0 1 0 -1
6 7 1 1 0 1 0 -1
4 7 -335 622 0 0 1 0
5 7 -335 622 0 0 1 0
6 7 -335 622 0 0 1 0
4 7 2 1 1 3 0 1
5 7 2 1 1 3 0 1
6 7 2 1 1 3 0 1
4 7 751 695 -4 0 1 2
5 7 751 695 -4 0 1 2
6 7 751 695 -4 0 1 2
4 7 10200 1 0 5 0 3
5 7 10200 1 0 5 0 3
6 7 10200 1 0 5 0 3
4 7 -185 44 1 0 1 4
5 7 -185 44 1 0 1 4
6 7 -185 44 1 0 1 4
4 7 272280 1 0 7 0 5
5 7 272280 1 0 7 0 5
6 7 272280 1 0 7 0 5
4 7 193 1082 1 0 1 6
5 7 193 1082 1 0 1 6
6 7 193 1082 1 0 1 6
4 7 435805 1 2 9 0 7
5 7 435805 1 2 9 0 7
6 7 435805 1 2 9 0 7
4 7 662 613 0 0 1 8
5 7 662 613 0 0 1 8
6 7 662 613 0 0 1 8
4 7 659674760509 1 -3 11 0 9
5 7 659674760509 1 -3 11 0 9
6 7 659674760509 1 -3 11 0 9
4 7 -2616 1189 1 0 1 10
5 7 -2616 1189 1 0 1 10
6 7 -2616 1189 1 0 1 10
4 7 66853417182 1 0 13 0 11
5 7 66853417182 1 0 13 0 11
6 7 66853417182 1 0 13 0 11
4 7 125 32 0 0 1 12
5 7 125 32 0 0 1 12
6 7 125 32 0 0 1 12
4 7 0 1 0 -2 0 13
5 7 0 1 0 -2 0 13
6 7 0 1 0 -2 0 13
4 7 159 139 0 0 1 14
5 7 159 139 0 0 1 14
6 7 159 139 0 0 1 14
4 7 6 1 -2 0 0 15
5 7 6 1 -2 0 0 15
6 7 6 1 -2 0 0 15
4 7 -1709 1539 -1 0 1 16
5 7 -1709 1539 -1 0 1 16
6 7 -1709 1539 -1 0 1 16
4 7 36 1 0 2 0 17
5 7 36 1 0 2 0 17
6 7 36 1 0 2 0 17
4 7 3032 673 0 0 1 18
5 7 3032 673 0 0 1 18
6 7 3032 673 0 0 1 18
4 7 177 1 1 4 0 19
5 7 177 1 1 4 0 19
6 7 177 1 1 4 0 19
4 7 53 39 0 0 1 20
5 7 53 39 0 0 1 20
6 7 53 39 0 0 1 20
4 7 24488 1 0 6 0 21
5 7 24488 1 0 6 0 21
6 7 24488 1 0 6 0 21
4 7 85 1497 3 0 1 22
5 7 85 1497 3 0 1 22
6 7 85 1497 3 0 1 22
4 7 38589517 1 -1 8 0 23
5 7 38589517 1 -1 8 0 23
6 7 38589517 1 -1 8 0 23
4 7 -389 12 0 0 1 24
5 7 -389 12 0 0 1 24
6 7 -389 12 0 0 1 24
4 7 5042465 1 2 10 0 25
5 7 5042465 1 2 10 0 25
6 7 5042465 1 2 10 0 25
4 7 29 3 -1 0 1 26
5 7 29 3 -1 0 1 26
6 7 29 3 -1 0 1 26
4 7 92809473121 1 -1 12 0 27
5 7 92809473121 1 -1 12 0 27
6 7 92809473121 1 -1 12 0 27
4 7 829 33 1 0 1 -5
5 7 829 33 1 0 1 -5
6 7 829 33 1 0 1 -5
4 7 0 1 0 -3 0 -4
5 7 0 1 0 -3 0 -4
6 7 0 1 0 -3 0 -4
4 7 338 1335 -4 0 1 -3
5 7 338 1335 -4 0 1 -3
6 7 338 1335 -4 0 1 -3
4 7 0 1 0 -1 0 -2
5 7 0 1 0 -1 0 -2
6 7 0 1 0 -1 0 -2
4 7 241 108 0 0 1 -1
5 7 241 108 0 0 1 -1
6 7 241 108 0 0 1 -1
4 7 0 1 0 1 0 0
5 7 0 1 0 1 0 0
6 7 0 1 0 1 0 0
4 7 589 814 1 0 1 1
5 7 589 814 1 0 1 1
6 7 589 814 1 0 1 1
4 7 274 1 0 3 0 2
5 7 274 1 0 3 0 2
6 7 274 1 0 3 0 2
4 7 1355 1356 0 0 1 3
5 7 1355 1356 0 0 1 3
6 7 1355 1356 0 0 1 3
4 7 278584 1 -2 5 0 4
5 7 278584 1 -2 5 0 4
6 7 278584 1 -2 5 0 4
4 7 139 111 0 0 1 5
5 7 139 111 0 0 1 5
6 7 139 111 0 0 1 5
4 7 700043 1 0 7 0 6
5 7 700043 1 0 7 0 6
6 7 700043 1 0 7 0 6
4 7 262 859 1 0 1 7
5 7 262 859 1 0 1 7
6 7 262 859 1 0 1 7
4 7 15731885 1 0 9 0 8
5 7 15731885 1 0 9 0 8
6 7 15731885 1 0 9 0 8
4 7 2057 1707 0 0 1 9
5 7 2057 1707 0 0 1 9
6 7 2057 1707 0 0 1 9
4 13 0 1 0 -3 0 -5
5 13 0 1 0 -3 0 -5
6 13 0 1 0 -3 0 -5
4 13 48 35 0 0 1 -4
5 13 48 35 0 0 1 -4
6 13 48 35 0 0 1 -4
4 13 0 1 0 -1 0 -3
5 13 0 1 0 -1 0 -3
6 13 0 1 0 -1 0 -3
4 13 3014 1213 1 0 1 -2
5 13 3014 1213 1 0 1 -2
6 13 3014 1213 1 0 1 -2
4 13 1 1 0 1 0 -1
5 13 1 1 0 1 0 -1
6 13 1 1 0 1 0 -1
4 13 -746 337 0 0 1 0
5 13 -746 337 0 0 1 0
6 13 -746 337 0 0 1 0
4 13 167 1 1 3 0 1
5 13 167 1 1 3 0 1
6 13 167 1 1 3 0 1
4 13 1045 941 -4 0 1 2
5 13 1045 941 -4 0 1 2
6 13 1045 941 -4 0 1 2
4 13 271257 1 0 5 0 3
5 13 271257 1 0 5 0 3
6 13 271257 1 0 5 0 3
4 13 4892 1011 1 0 1 4
5 13 4892 1011 1 0 1 4
6 13 4892 1011 1 0 1 4
4 13 48293363 1 0 7 0 5
5 13 48293363 1 0 7 0 5
6 13 48293363 1 0 7 0 5
4 13 -1379 629 0 0 1 6
5 13 -1379 629 0 0 1 6
6 13 -1379 629 0 0 1 6
4 13 5953403175 1 0 9 0 7
5 13 5953403175 1 0 9 0 7
6 13 5953403175 1 0 9 0 7
4 13 1985 1803 0 0 1 8
5 13 1985 1803 0 0 1 8
6 13 1985 1803 0 0 1 8
4 13 3889359600507815 1 -3 11 0 9
5 13 3889359600507815 1 -3 11 0 9
6 13 3889359600507815 1 -3 11 0 9
4 13 1479 739 1 0 1 10
5 13 1479 739 1 0 1 10
6 13 1479 739 1 0 1 10
4 13 245841677256735 1 0 13 0 11
5 13 245841677256735 1 0 13 0 11
6 13 245841677256735 1 0 13 0 11
4 13 118 357 0 0 1 12
5 13 118 357 0 0 1 12
6 13 118 357 0 0 1 12
4 13 0 1 0 -2 0 13
5 13 0 1 0 -2 0 13
6 13 0 1 0 -2 0 13
4 13 1419 1159 0 0 1 14
5 13 1419 1159 0 0 1 14
6 13 1419 1159 0 0 1 14
4 13 0 1 0 0 0 15
5 13 0 1 0 0 0 15
6 13 0 1 0 0 0 15
4 13 -1097 21 -2 0 1 16
5 13 -1097 21 -2 0 1 16
6 13 -1097 21 -2 0 1 16
4 13 79 1 0 2 0 17
5 13 79 1 0 2 0 17
6 13 79 1 0 2 0 17
4 13 4993 616 0 0 1 18
5 13 4993 616 0 0 1 18
6 13 4993 616 0 0 1 18
4 13 565 1 1 4 0 19
5 13 565 1 1 4 0 19
6 13 565 1 1 4 0 19
4 13 899 561 0 0 1 20
5 13 899 561 0 0 1 20
6 13 899 561 0 0 1 20
4 13 4569419 1 0 6 0 21
5 13 4569419 1 0 6 0 21
6 13 4569419 1 0 6 0 21
4 13 2631 23 0 0 1 22
5 13 2631 23 0 0 1 22
6 13 2631 23 0 0 1 22
4 13 9754138577 1 -1 8 0 23
5 13 9754138577 1 -1 8 0 23
6 13 9754138577 1 -1 8 0 23
4 13 1367 691 0 0 1 24
5 13 1367 691 0 0 1 24
6 13 1367 691 0 0 1 24
4 13 11068929967 1 0 10 0 25
5 13 11068929967 1 0 10 0 25
6 13 11068929967 1 0 10 0 25
4 13 795 587 0 0 1 26
5 13 795 587 0 0 1 26
6 13 795 587 0 0 1 26
4 13 21927609527050 1 0 12 0 27
5 13 21927609527050 1 0 12 0 27
6 13 21927609527050 1 0 12 0 27
4 13 -2479 346 1 0 1 -5
5 13 -2479 346 1 0 1 -5
6 13 -2479 346 1 0 1 -5
4 13 0 1 0 -3 0 -4
5 13 0 1 0 -3 0 -4
6 13 0 1 0 -3 0 -4
4 13 -1994 439 -4 0 1 -3
5 13 -1994 439 -4 0 1 -3
6 13 -1994 439 -4 0 1 -3
4 13 0 1 0 -1 0 -2
5 13 0 1 0 -1 0 -2
6 13 0 1 0 -1 0 -2
4 13 841 347 0 0 1 -1
5 13 841 347 0 0 1 -1
6 13 841 347 0 0 1 -1
4 13 4 1 0 1 0 0
5 13 4 1 0 1 0 0
6 13 4 1 0 1 0 0
4 13 -1252 1569 1 0 1 1
5 13 -1252 1569 1 0 1 1
6 13 -1252 1569 1 0 1 1
4 13 2068 1 0 3 0 2
5 13 2068 1 0 3 0 2
6 13 2068 1 0 3 0 2
4 13 353 508 1 0 1 3
5 13 353 508 1 0 1 3
6 13 353 508 1 0 1 3
4 13 39002937 1 -2 5 0 4
5 13 39002937 1 -2 5 0 4
6 13 39002937 1 -2 5 0 4
4 13 687 115 0 0 1 5
5 13 687 115 0 0 1 5
6 13 687 115 0 0 1 5
4 13 683174520 1 -1 7 0 6
5 13 683174520 1 -1 7 0 6
6 13 683174520 1 -1 7 0 6
4 13 -31 87 1 0 1 7
5 13 -31 87 1 0 1 7
6 13 -31 87 1 0 1 7
4 13 3911980593 1 0 9 0 8
5 13 3911980593 1 0 9 0 8
6 13 3911980593 1 0 9 0 8
4 13 -205 16 -1 0 1 9
5 13 -205 16 -1 0 1 9
6 13 -205 16 -1 0 1 9
4 65537 0 1 0 -3 0 -5
5 65537 0 1 0 -3 0 -5
6 65537 0 1 0 -3 0 -5
4 65537 65672 135 0 0 1 -4
5 65537 65672 135 0 0 1 -4
6 65537 65672 135 0 0 1 -4
4 65537 0 1 0 -1 0 -3
5 65537 0 1 0 -1 0 -3
6 65537 0 1 0 -1 0 -3
4 65537 -353 876 1 0 1 -2
5 65537 -353 876 1 0 1 -2
6 65537 -353 876 1 0 1 -2
4 65537 1 1 0 1 0 -1
5 65537 1 1 0 1 0 -1
6 65537 1 1 0 1 0 -1
4 65537 -2878 1351 0 0 1 0
5 65537 -2878 1351 0 0 1 0
6 65537 -2878 1351 0 0 1 0
4 65537 3000076666 1 1 3 0 1
5 65537 3000076666 1 1 3 0 1
6 65537 3000076666 1 1 3 0 1
4 65537 524689 393 -4 0 1 2
5 65537 524689 393 -4 0 1 2
6 65537 524689 393 -4 0 1 2
4 65537 317778159773509873845069 1 0 5 0 3
5 65537 317778159773509873845069 1 0 5 0 3
6 65537 317778159773509873845069 1 0 5 0 3
4 65537 3663 1985 1 0 1 4
5 65537 3663 1985 1 0 1 4
6 65537 3663 1985 1 0 1 4
4 65537 2298780210397822807697703012794839 1 0 7 0 5
5 65537 2298780210397822807697703012794839 1 0 7 0 5
6 65537 2298780210397822807697703012794839 1 0 7 0 5
4 65537 -3534 1253 0 0 1 6
5 65537 -3534 1253 0 0 1 6
6 65537 -3534 1253 0 0 1 6
4 65537 170161953757131496810495285567020072974 1 1 9 0 7
5 65537 170161953757131496810495285567020072974 1 1 9 0 7
6 65537 170161953757131496810495285567020072974 1 1 9 0 7
4 65537 458996 237 0 0 1 8
5 65537 458996 237 0 0 1 8
6 65537 458996 237 0 0 1 8
4 65537 9287007529917648427467515548424914297217976453511718471709337951829 1 -3 11 0 9
5 65537 9287007529917648427467515548424914297217976453511718471709337951829 1 -3 11 0 9
6 65537 9287007529917648427467515548424914297217976453511718471709337951829 1 -3 11 0 9
4 65537 -1753 58 1 0 1 10
5 65537 -1753 58 1 0 1 10
6 65537 -1753 58 1 0 1 10
4 65537 369349499944818592072379298655064741870249319366966314324211175 1 0 13 0 11
5 65537 369349499944818592072379298655064741870249319366966314324211175 1 0 13 0 11
6 65537 369349499944818592072379298655064741870249319366966314324211175 1 0 13 0 11
4 65537 -1397 278 0 0 1 12
5 65537 -1397 278 0 0 1 12
6 65537 -1397 278 0 0 1 12
4 65537 0 1 0 -2 0 13
5 65537 0 1 0 -2 0 13
6 65537 0 1 0 -2 0 13
4 65537 656001 631 0 0 1 14
5 65537 656001 631 0 0 1 14
6 65537 656001 631 0 0 1 14
4 65537 0 1 0 0 0 15
5 65537 0 1 0 0 0 15
6 65537 0 1 0 0 0 15
4 65537 -1459 419 -1 0 1 16
5 65537 -1459 419 -1 0 1 16
6 65537 -1459 419 -1 0 1 16
4 65537 97650131 1 0 2 0 17
5 65537 97650131 1 0 2 0 17
6 65537 97650131 1 0 2 0 17
4 65537 -1706 505 0 0 1 18
5 65537 -1706 505 0 0 1 18
6 65537 -1706 505 0 0 1 18
4 65537 271588685727379 1 1 4 0 19
5 65537 271588685727379 1 1 4 0 19
6 65537 271588685727379 1 1 4 0 19
4 65537 1705757 1795 0 0 1 20
5 65537 1705757 1795 0 0 1 20
6 65537 1705757 1795 0 0 1 20
4 65537 37052532823617072248076600948 1 0 6 0 21
5 65537 37052532823617072248076600948 1 0 6 0 21
6 65537 37052532823617072248076600948 1 0 6 0 21
4 65537 183 284 1 0 1 22
5 65537 183 284 1 0 1 22
6 65537 183 284 1 0 1 22
4 65537 8749955417422114957383706246776854163125801 1 -1 8 0 23
5 65537 8749955417422114957383706246776854163125801 1 -1 8 0 23
6 65537 8749955417422114957383706246776854163125801 1 -1 8 0 23
4 65537 -755 957 0 0 1 24
5 65537 -755 957 0 0 1 24
6 65537 -755 957 0 0 1 24
4 65537 16088384495938903339879798657724543865048385 1 1 10 0 25
5 65537 16088384495938903339879798657724543865048385 1 1 10 0 25
6 65537 16088384495938903339879798657724543865048385 1 1 10 0 25
4 65537 2097563 379 0 0 1 26
5 65537 2097563 379 0 0 1 26
6 65537 2097563 379 0 0 1 26
4 65537 4713345859012181536815424375696590756642367749428426017155 1 0 12 0 27
5 65537 4713345859012181536815424375696590756642367749428426017155 1 0 12 0 27
6 65537 4713345859012181536815424375696590756642367749428426017155 1 0 12 0 27
4 65537 1155 764 1 0 1 -5
5 65537 1155 764 1 0 1 -5
6 65537 1155 764 1 0 1 -5
4 65537 0 1 0 -3 0 -4
5 65537 0 1 0 -3 0 -4
6 65537 0 1 0 -3 0 -4
4 65537 1627 61 -4 0 1 -3
5 65537 1627 61 -4 0 1 -3
6 65537 1627 61 -4 0 1 -3
4 65537 0 1 0 -1 0 -2
5 65537 0 1 0 -1 0 -2
6 65537 0 1 0 -1 0 -2
4 65537 2490495 89 0 0 1 -1
5 65537 2490495 89 0 0 1 -1
6 65537 2490495 89 0 0 1 -1
4 65537 27442 1 0 1 0 0
5 65537 27442 1 0 1 0 0
6 65537 27442 1 0 1 0 0
4 65537 719 857 1 0 1 1
5 65537 719 857 1 0 1 1
6 65537 719 857 1 0 1 1
4 65537 178405513339647 1 0 3 0 2
5 65537 178405513339647 1 0 3 0 2
6 65537 178405513339647 1 0 3 0 2
4 65537 -4487 520 0 0 1 3
5 65537 -4487 520 0 0 1 3
6 65537 -4487 520 0 0 1 3
4 65537 834800174803399300962386162653184 1 -2 5 0 4
5 65537 834800174803399300962386162653184 1 -2 5 0 4
6 65537 834800174803399300962386162653184 1 -2 5 0 4
4 65537 721288 381 0 0 1 5
5 65537 721288 381 0 0 1 5
6 65537 721288 381 0 0 1 5
4 65537 2981081405793999545139812937208575 1 0 7 0 6
5 65537 2981081405793999545139812937208575 1 0 7 0 6
6 65537 2981081405793999545139812937208575 1 0 7 0 6
4 65537 1478 1425 1 0 1 7
5 65537 1478 1425 1 0 1 7
6 65537 1478 1425 1 0 1 7
4 65537 1123790836412699677978410379393488805264314 1 0 9 0 8
5 65537 1123790836412699677978410379393488805264314 1 0 9 0 8
6 65537 1123790836412699677978410379393488805264314 1 0 9 0 8
4 65537 4379 1389 0 0 1 9
5 65537 4379 1389 0 0 1 9
6 65537 4379 1389 0 0 1 9
4 18446744073709551557 0 1 0 -3 0 -5
5 18446744073709551557 0 1 0 -3 0 -5
6 18446744073709551557 0 1 0 -3 0 -5
4 18446744073709551557 18446744073709552101 544 0 0 1 -4
5 18446744073709551557 18446744073709552101 544 0 0 1 -4
6 18446744073709551557 18446744073709552101 544 0 0 1 -4
4 18446744073709551557 0 1 0 -1 0 -3
5 18446744073709551557 0 1 0 -1 0 -3
6 18446744073709551557 0 1 0 -1 0 -3
4 18446744073709551557 4599 493 1 0 1 -2
5 18446744073709551557 4599 493 1 0 1 -2
6 18446744073709551557 4599 493 1 0 1 -2
4 18446744073709551557 1 1 0 1 0 -1
5 18446744073709551557 1 1 0 1 0 -1
6 18446744073709551557 1 1 0 1 0 -1
4 18446744073709551557 1463 221 0 0 1 0
5 18446744073709551557 1463 221 0 0 1 0
6 18446744073709551557 1463 221 0 0 1 0
4 18446744073709551557 323715737977389694564812518997129217249 1 1 3 0 1
5 18446744073709551557 323715737977389694564812518997129217249 1 1 3 0 1
6 18446744073709551557 323715737977389694564812518997129217249 1 1 3 0 1
4 18446744073709551557 18446744073709551804 247 -4 0 1 2
5 18446744073709551557 18446744073709551804 247 -4 0 1 2
6 18446744073709551557 18446744073709551804 247 -4 0 1 2
4 18446744073709551557 1183747416635105568654503697944182902116671821731502597924678270308282425110478706592689879628477 1 0 5 0 3
5 18446744073709551557 1183747416635105568654503697944182902116671821731502597924678270308282425110478706592689879628477 1 0 5 0 3
6 18446744073709551557 1183747416635105568654503697944182902116671821731502597924678270308282425110478706592689879628477 1 0 5 0 3
4 18446744073709551557 2592 919 1 0 1 4
5 18446744073709551557 2592 919 1 0 1 4
6 18446744073709551557 2592 919 1 0 1 4
4 18446744073709551557 465440719398792949519108060843985153234424346977171151432401150363730782457870682947679861368355671580156245393928160342325668108756720 1 0 7 0 5
5 18446744073709551557 465440719398792949519108060843985153234424346977171151432401150363730782457870682947679861368355671580156245393928160342325668108756720 1 0 7 0 5
6 18446744073709551557 465440719398792949519108060843985153234424346977171151432401150363730782457870682947679861368355671580156245393928160342325668108756720 1 0 7 0 5
4 18446744073709551557 -2211 1076 0 0 1 6
5 18446744073709551557 -2211 1076 0 0 1 6
6 18446744073709551557 -2211 1076 0 0 1 6
4 18446744073709551557 7695662161780708095661778616257662792537018234166772451076555814609945773568721426263144440465141140434097713405642065249650857057423497970232231128204693 1 1 9 0 7
5 18446744073709551557 7695662161780708095661778616257662792537018234166772451076555814609945773568721426263144440465141140434097713405642065249650857057423497970232231128204693 1 1 9 0 7
6 18446744073709551557 7695662161780708095661778616257662792537018234166772451076555814609945773568721426263144440465141140434097713405642065249650857057423497970232231128204693 1 1 9 0 7
4 18446744073709551557 258254417031933722067 269 0 0 1 8
5 18446744073709551557 258254417031933722067 269 0 0 1 8
6 18446744073709551557 258254417031933722067 269 0 0 1 8
4 18446744073709551557 165606015127873585644024372829640525916048309821258260932366643960663043413145825997960469070605201804157878055458617010612839102855699694307862668613475380360787257861046724745484896292107699271889532161699622453070594182598719530802296248502768109679885065754399808070 1 -3 11 0 9
5 18446744073709551557 165606015127873585644024372829640525916048309821258260932366643960663043413145825997960469070605201804157878055458617010612839102855699694307862668613475380360787257861046724745484896292107699271889532161699622453070594182598719530802296248502768109679885065754399808070 1 -3 11 0 9
6 18446744073709551557 165606015127873585644024372829640525916048309821258260932366643960663043413145825997960469070605201804157878055458617010612839102855699694307862668613475380360787257861046724745484896292107699271889532161699622453070594182598719530802296248502768109679885065754399808070 1 -3 11 0 9
4 18446744073709551557 -1570 529 1 0 1 10
5 18446744073709551557 -1570 529 1 0 1 10
6 18446744073709551557 -1570 529 1 0 1 10
4 18446744073709551557 26900113323424694584237993134161362235103333777273538401232686989353480461059894150459570439407412591864689076718307848158688490752304136982436498012943343379908143535681273884904411357158422422525940856255725679167103213488585047785099010276275980208 1 0 13 0 11
5 18446744073709551557 26900113323424694584237993134161362235103333777273538401232686989353480461059894150459570439407412591864689076718307848158688490752304136982436498012943343379908143535681273884904411357158422422525940856255725679167103213488585047785099010276275980208 1 0 13 0 11
6 18446744073709551557 26900113323424694584237993134161362235103333777273538401232686989353480461059894150459570439407412591864689076718307848158688490752304136982436498012943343379908143535681273884904411357158422422525940856255725679167103213488585047785099010276275980208 1 0 13 0 11
4 18446744073709551557 689 1668 0 0 1 12
5 18446744073709551557 689 1668 0 0 1 12
6 18446744073709551557 689 1668 0 0 1 12
4 18446744073709551557 0 1 0 -2 0 13
5 18446744073709551557 0 1 0 -2 0 13
6 18446744073709551557 0 1 0 -2 0 13
4 18446744073709551557 184467440737095516363 793 0 0 1 14
5 18446744073709551557 184467440737095516363 793 0 0 1 14
6 18446744073709551557 184467440737095516363 793 0 0 1 14
4 18446744073709551557 0 1 0 0 0 15
5 18446744073709551557 0 1 0 0 0 15
6 18446744073709551557 0 1 0 0 0 15
4 18446744073709551557 -1127 52 -1 0 1 16
5 18446744073709551557 -1127 52 -1 0 1 16
6 18446744073709551557 -1127 52 -1 0 1 16
4 18446744073709551557 60119719854048485129852620961876902320 1 0 2 0 17
5 18446744073709551557 60119719854048485129852620961876902320 1 0 2 0 17
6 18446744073709551557 60119719854048485129852620961876902320 1 0 2 0 17
4 18446744073709551557 -239 845 0 0 1 18
5 18446744073709551557 -239 845 0 0 1 18
6 18446744073709551557 -239 845 0 0 1 18
4 18446744073709551557 2008872941652082172502737431571288897737816212774743232784 1 1 4 0 19
5 18446744073709551557 2008872941652082172502737431571288897737816212774743232784 1 1 4 0 19
6 18446744073709551557 2008872941652082172502737431571288897737816212774743232784 1 1 4 0 19
4 18446744073709551557 479615345916448340633 151 0 0 1 20
5 18446744073709551557 479615345916448340633 151 0 0 1 20
6 18446744073709551557 479615345916448340633 151 0 0 1 20
4 18446744073709551557 31257983410281880161143027372843396957859570556477482987834105268890170564062990322123027674811792365151062721235370 1 0 6 0 21
5 18446744073709551557 31257983410281880161143027372843396957859570556477482987834105268890170564062990322123027674811792365151062721235370 1 0 6 0 21
6 18446744073709551557 31257983410281880161143027372843396957859570556477482987834105268890170564062990322123027674811792365151062721235370 1 0 6 0 21
4 18446744073709551557 -1190 107 1 0 1 22
5 18446744073709551557 -1190 107 1 0 1 22
6 18446744073709551557 -1190 107 1 0 1 22
4 18446744073709551557 97252180503764119649991201377122115674781572126502460743965183206006135328875510971680946206466682803713663757683448542612602489438089406675530295445624531540436105479670999 1 -1 8 0 23
5 18446744073709551557 97252180503764119649991201377122115674781572126502460743965183206006135328875510971680946206466682803713663757683448542612602489438089406675530295445624531540436105479670999 1 -1 8 0 23
6 18446744073709551557 97252180503764119649991201377122115674781572126502460743965183206006135328875510971680946206466682803713663757683448542612602489438089406675530295445624531540436105479670999 1 -1 8 0 23
4 18446744073709551557 -949 1527 0 0 1 24
5 18446744073709551557 -949 1527 0 0 1 24
6 18446744073709551557 -949 1527 0 0 1 24
4 18446744073709551557 7552073327423038990563557563973380801399867141440609543347576899852493256407088660238077315999376109649417853448627525982722497751269195401976682625336039252530937956835040 1 1 10 0 25
5 18446744073709551557 7552073327423038990563557563973380801399867141440609543347576899852493256407088660238077315999376109649417853448627525982722497751269195401976682625336039252530937956835040 1 1 10 0 25
6 18446744073709551557 7552073327423038990563557563973380801399867141440609543347576899852493256407088660238077315999376109649417853448627525982722497751269195401976682625336039252530937956835040 1 1 10 0 25
4 18446744073709551557 73786976294838206313 85 0 0 1 26
5 18446744073709551557 73786976294838206313 85 0 0 1 26
6 18446744073709551557 73786976294838206313 85 0 0 1 26
4 18446744073709551557 636825961180070184776285166312654815646802808625026748908244352059085836482118002251043048723002418238598973335776950889191960564220838138036178031148490772650957012853251149200764982690935208268123764334456400730772157626290231200 1 0 12 0 27
5 18446744073709551557 636825961180070184776285166312654815646802808625026748908244352059085836482118002251043048723002418238598973335776950889191960564220838138036178031148490772650957012853251149200764982690935208268123764334456400730772157626290231200 1 0 12 0 27
6 18446744073709551557 636825961180070184776285166312654815646802808625026748908244352059085836482118002251043048723002418238598973335776950889191960564220838138036178031148490772650957012853251149200764982690935208268123764334456400730772157626290231200 1 0 12 0 27
4 18446744073709551557 -4755 296 1 0 1 -5
5 18446744073709551557 -4755 296 1 0 1 -5
6 18446744073709551557 -4755 296 1 0 1 -5
4 18446744073709551557 0 1 0 -3 0 -4
5 18446744073709551557 0 1 0 -3 0 -4
6 18446744073709551557 0 1 0 -3 0 -4
4 18446744073709551557 -1281 1213 -4 0 1 -3
5 18446744073709551557 -1281 1213 -4 0 1 -3
6 18446744073709551557 -1281 1213 -4 0 1 -3
4 18446744073709551557 0 1 0 -1 0 -2
5 18446744073709551557 0 1 0 -1 0 -2
6 18446744073709551557 0 1 0 -1 0 -2
4 18446744073709551557 350488137400481479836 253 0 0 1 -1
5 18446744073709551557 350488137400481479836 253 0 0 1 -1
6 18446744073709551557 350488137400481479836 253 0 0 1 -1
4 18446744073709551557 4438526926547738843 1 0 1 0 0
5 18446744073709551557 4438526926547738843 1 0 1 0 0
6 18446744073709551557 4438526926547738843 1 0 1 0 0
4 18446744073709551557 156 35 1 0 1 1
5 18446744073709551557 156 35 1 0 1 1
6 18446744073709551557 156 35 1 0 1 1
4 18446744073709551557 5199795945560591337998405933887789941448486264926702367220 1 0 3 0 2
5 18446744073709551557 5199795945560591337998405933887789941448486264926702367220 1 0 3 0 2
6 18446744073709551557 5199795945560591337998405933887789941448486264926702367220 1 0 3 0 2
4 18446744073709551557 828 11 0 0 1 3
5 18446744073709551557 828 11 0 0 1 3
6 18446744073709551557 828 11 0 0 1 3
4 18446744073709551557 22607736370003324238765015514061734862369707999454204031036307362430485523307655736590428979462929245673437909611439202053357843157318 1 -2 5 0 4
5 18446744073709551557 22607736370003324238765015514061734862369707999454204031036307362430485523307655736590428979462929245673437909611439202053357843157318 1 -2 5 0 4
6 18446744073709551557 22607736370003324238765015514061734862369707999454204031036307362430485523307655736590428979462929245673437909611439202053357843157318 1 -2 5 0 4
4 18446744073709551557 73786976294838206365 137 0 0 1 5
5 18446744073709551557 73786976294838206365 137 0 0 1 5
6 18446744073709551557 73786976294838206365 137 0 0 1 5
4 18446744073709551557 716463548215257212312002374488434874187713193848365309976278256269437078668442527351870094028817079170311244084814955226088192021635257 1 0 7 0 6
5 18446744073709551557 716463548215257212312002374488434874187713193848365309976278256269437078668442527351870094028817079170311244084814955226088192021635257 1 0 7 0 6
6 18446744073709551557 716463548215257212312002374488434874187713193848365309976278256269437078668442527351870094028817079170311244084814955226088192021635257 1 0 7 0 6
4 18446744073709551557 462 739 1 0 1 7
5 18446744073709551557 462 739 1 0 1 7
6 18446744073709551557 462 739 1 0 1 7
4 18446744073709551557 1291542566439188130239981776606413687967862396251592493705656101671901588236721428839671185895454661049704619845653010318194056403937682242374602381095330125424929244181772 1 0 9 0 8
5 18446744073709551557 1291542566439188130239981776606413687967862396251592493705656101671901588236721428839671185895454661049704619845653010318194056403937682242374602381095330125424929244181772 1 0 9 0 8
6 18446744073709551557 1291542566439188130239981776606413687967862396251592493705656101671901588236721428839671185895454661049704619845653010318194056403937682242374602381095330125424929244181772 1 0 9 0 8
4 18446744073709551557 -727 320 0 0 1 9
5 18446744073709551557 -727 320 0 0 1 9
6 18446744073709551557 -727 320 0 0 1 9
