# bench_roots_real --run: adf_roots_real, median of 5 wall times; eval2 = the exact signs at the end
# points of its balls (reference timing of the required exact-sign workload)
family e d prec seconds_median seconds_min seconds_max status balls largest_mantissa_bits signs eval2_seconds ratio
pair 600 0 2 0.000018 0.000017 0.000077 0 2 601 2 0.000000560 33.0
pair 1500 0 2 0.000035 0.000031 0.000082 0 2 1501 2 0.000000980 36.1
pair 3000 0 2 0.000080 0.000069 0.000121 0 2 3001 2 0.000002398 33.2
pair 10000 0 2 0.000338 0.000330 0.000418 0 2 10001 2 0.000013293 25.4
pair 10000 0 53 0.000329 0.000327 0.000402 0 2 10001 2 0.000013290 24.7
pair 100000 0 2 0.007994 0.007941 0.008218 0 2 100001 2 0.000305045 26.2
thirds 3000 0 2 0.000120 0.000115 0.000179 0 2 3006 4 0.000005922 20.2
thirds 10000 0 53 0.000349 0.000338 0.000399 0 2 10006 4 0.000029180 11.9
thirds 30000 0 2 0.001259 0.001241 0.001316 0 2 30006 4 0.000130900 9.6
close 1200 0 2 0.000027 0.000024 0.000081 0 2 1201 2 0.000000955 28.2
close 10000 0 2 0.000375 0.000363 0.000438 0 2 10001 2 0.000018205 20.6
far 100000 0 2 0.001005 0.001001 0.001045 0 2 2 2 0.000300771 3.3
deg 300 2 2 0.000029 0.000024 0.000061 0 2 301 2 0.000000346 84.0
deg 300 4 2 0.000062 0.000051 0.000114 0 4 301 4 0.000001017 60.9
deg 300 8 2 0.000187 0.000175 0.000295 0 8 301 8 0.000004578 40.9
deg 300 16 2 0.000982 0.000976 0.001029 0 16 301 16 0.000039755 24.7
small 0 20 53 0.000199 0.000189 0.000259 0 20 5 20 0.000004782 41.6
mignotte 7 20 53 0.000205 0.000201 0.000301 0 4 74 8 0.000006524 31.5
sqrt2 0 0 53 0.000007 0.000007 0.000038 0 2 64 4 0.000000672 10.8
sqrt2 0 0 4096 0.000144 0.000135 0.000237 0 2 8192 4 0.000019092 7.5
sqrt2 0 0 65536 0.005426 0.005408 0.005540 0 2 131072 4 0.000893093 6.1
sqrt2 0 0 2097152 0.371910 0.369308 0.380171 0 2 4194304 4 0.056106208 6.6
x5 0 0 65536 0.008760 0.008708 0.008904 0 1 65538 2 0.001613789 5.4
mignotte 4000 50 2 0.111501 0.110231 0.112066 0 4 100004 8 0.004330214 25.7
positive 4999 50 2 0.020773 0.020729 0.020906 0 0 0 0 0.000000000 nan
complex 190 50 2 0.002827 0.002826 0.002855 0 0 0 0 0.000000000 nan
