A 7 1 1 0 0 1 6 1099511627776 10
S 7 1 1 0 0 1 6 1 1099511627776
S 7 1 1 0 0 1 6 3 1099511627776
A 7 1 1 0 1099511627776 0 6 9223372036854775807 10
S 7 1 1 0 1099511627776 0 6 1 9223372036854775807
S 7 1 1 0 1099511627776 0 6 6 9223372036854775807
S 7 1 1 0 1099511627776 0 6 3 9223372036854775807
A 7 1 1 0 1099511627776 0 2 9223372036854775807 10
S 7 1 1 0 1099511627776 0 2 1 9223372036854775807
S 7 1 1 0 1099511627776 0 2 6 9223372036854775807
A 2 1 1 0 134217728 0 2 9223372036854775807 10
S 2 1 1 0 134217728 0 2 1 9223372036854775807
S 2 1 1 0 134217728 0 2 3 9223372036854775807
A 7 2 1 0 5 0 2 -9223372036854775808 10
S 7 2 1 0 5 0 2 3 -9223372036854775808
A 7 2 1 0 5 0 2 -1 10
A 7 2 1 0 5 0 2 3 10
A 7 2 1 0 5 0 2 9223372036854775807 10
A 7 2 1 0 5 0 2 9223372036854775807 1
A 7 2 1 0 5 0 2 9223372036854775807 -1
