W 5 1 1 0 1152921504606846976 0 1 2 0 0 1 1152921504606846976
W 5 6 1 0 1099511627776 0 1 1 0 0 1 1099511627776
W 5 6 1 0 1099511627776 0 2 1 0 0 1 1099511627776
I 5 6 1 0 1099511627776 0 2
W 5 6 1 0 0 1 1 1 576460752303423488 0 1 100
W 5 6 1 0 0 1 1 1 576460752303423488 0 1 1152921504606846976
W 5 6 1 0 0 1 1 1 576460752303423488 0 1 576460752303423490
W 5 1 1 0 1152921504606846976 0 1 1 576460752303423488 0 1 9223372036854775807
W 5 6 1 0 3 0 1 1 0 1152921504606846976 0 9223372036854775807
W 5 6 1 0 3 0 0 1 0 1152921504606846976 0 9223372036854775807
W 2 3 1 0 1152921504606846976 0 1 1 0 0 1 1152921504606846976
W 2 3 1 0 1152921504606846976 0 1 1 0 0 1 9223372036854775807
W 2 1 1 0 1 0 1 1 0 0 1 -9223372036854775808
W 2 3 1 0 2 0 0 1 0 0 0 -9223372036854775808
W 5 6 1 0 3 0 1 1 0 3 0 -9223372036854775808
W 5 6 1 0 3 0 1 1 0 3 0 9223372036854775807
W 5 6 1 0 0 1 1 1 0 0 1 9223372036854775807
P 5 1 1 0 1152921504606846976 0 1 2 1 1152921504606846976
P 5 1 1 0 1152921504606846976 0 1 2 4 1152921504606846976
P 5 1 1 0 1152921504606846976 0 3 2 4 9223372036854775807
P 5 1 1 0 1152921504606846976 0 -1 2 1 -9223372036854775808
P 5 1 1 0 0 1 1 2 4 9223372036854775807
P 5 4 1 0 0 1 -9223372036854775807 2 3 100
P 5 4 1 0 0 1 -9223372036854775808 3 1 100
P 5 4 1 0 0 1 -9223372036854775808 1 1 100
P 5 4 1 0 0 1 9223372036854775807 2 3 100
P 7 1 1 1152921504606846976 1152921504606846977 0 -9223372036854775807 2 1 100
P 7 1 1 -1152921504606846976 -1152921504606846975 0 -3 2 1 9223372036854775807
P 7 1 1 -1152921504606846976 0 1 -3 2 1 9223372036854775807
P 7 1 1 -1152921504606846976 0 1 -3 2 1 100
P 7 2 1 0 0 1 3 2 3 -9223372036854775808
P 7 2 1 0 5 0 3 2 3 -9223372036854775808
