at 3 1 1 2 9 2
at 5 2 1 3 25 2
at 3 4 1 1 9 5
at 2 1 1 3 8 3
at 5 4 1 1 0 3
at 3 3 1 1 9 5
at 3 1 1 1 1 5
at 2 1 1 1 2 5
at 2 1 1 1 4 5
at 2 3 1 1 0 3
atinf 2
atinf -2
ref 2 1 1 2 9 2 1 3
ref 2 7 3 1 1 2 2 3 5
ref 2 1 1 1 0 3 1 3
refq 2 1 1 1 0 5 3000000 -1
ref 2 3 1 1 0 33554432 3 2 3 5
ref 2 3 1 1 0 33554432 1 2
ref 2 1 1 1 0 33554430 1 3
ref 2 1 1 1 0 33554431 1 3
ref 2 1 1 1 0 33554432 1 2
ref 2 1 1 1 0 33554433 1 2
ref 2 4 1 1 9 5 3 5 3 2
ref -2 4 1 1 9 5 1 3
refq 2 1 1 1 0 5 3000000 65537
ref 2 1 1 2 5^22369620 22369620 2 2 5
