EVAL 1 1 0 1
PIECE 1 0 1 -1152921504606846976 0 0 0 1 -1 0
END
EVAL 1 2 0 2
PIECE 1 0 1 -1152921504606846976 0 0 0 1 -1 0
PIECE 1 0 0 0 0 0 0 1 -1 0
END
EVAL 1 2 0 2
PIECE 1 0 0 0 0 0 0 1 -1 0
PIECE 1 0 1 -1152921504606846976 0 0 0 1 -1 0
END
EVAL 1 2 0 2
PIECE 1 -1152921504606846976 1 -1152921504606846976 0 0 0 1 -1 0
PIECE 0 0 0 0 0 0 0 1 -1 0
END
EVAL 1 2 0 2
PIECE 0 0 0 0 0 0 0 1 -1 0
PIECE 1 -1152921504606846976 1 -1152921504606846976 0 0 0 1 -1 0
END
EVAL 1 2 0 2
PIECE 1 -1152921504606846976 1 -1152921504606846976 0 1 6 1 -1 0
PIECE 1 -1152921504606846976 1 -1152921504606846976 1 0 6 1 0 1 1
END
EVAL 1 2 0 2
PIECE 1 1152921504606846976 1 1152921504606846976 0 0 0 1 -1 0
PIECE 1 1152921504606846977 1 1152921504606846976 0 0 0 1 -1 0
END
EVAL 1 2 0 2
PIECE 1 1152921504606846977 1 1152921504606846976 0 0 0 1 -1 0
PIECE 1 1152921504606846976 1 1152921504606846976 0 0 0 1 -1 0
END
EVAL 1 2 0 2
PIECE 1 -1152921504606846976 1 -1152921504606846976 0 0 0 1 -1 0
PIECE 1 -1152921504606846976 1 -1152921504606846976 0 1 0 1 -1 0
END
EVAL 1 2 0 2
PIECE 1 -1152921504606846976 1 -1152921504606846976 0 1 0 1 -1 0
PIECE 1 -1152921504606846976 1 -1152921504606846976 0 0 0 1 -1 0
END
EVAL 1 1 0 1
PIECE 1 0 0 0 0 0 0 1 -1 0
END
EVAL 1 1 0 1
PIECE 0 0 0 0 0 0 0 1 -1 0
END
