exp 2 1 3 2 0 1 -2
exp 2 1 3 2 0 1 1
exp 2 1 3 2 0 1 4
exp 2 1 3 2 0 1 19
exp 2 1 3 2 0 1 60
exp 2 0 1 0 0 0 -2
exp 2 0 1 0 0 0 1
exp 2 0 1 0 0 0 4
exp 2 0 1 0 0 0 19
exp 2 0 1 0 0 0 60
exp 2 0 1 0 1 0 -2
exp 2 0 1 0 1 0 1
exp 2 0 1 0 1 0 4
exp 2 0 1 0 1 0 19
exp 2 0 1 0 1 0 60
exp 2 3 1 2 4 0 -2
exp 2 3 1 2 4 0 1
exp 2 3 1 2 4 0 4
exp 2 3 1 2 4 0 19
exp 2 3 1 2 4 0 60
exp 2 43 1 2 8 0 -2
exp 2 43 1 2 8 0 1
exp 2 43 1 2 8 0 4
exp 2 43 1 2 8 0 19
exp 2 43 1 2 8 0 60
log 2 5 3 0 0 1 -2
log 2 5 3 0 0 1 1
log 2 5 3 0 0 1 4
log 2 5 3 0 0 1 19
log 2 5 3 0 0 1 60
log 2 0 1 0 0 0 -2
log 2 0 1 0 0 0 1
log 2 0 1 0 0 0 4
log 2 0 1 0 0 0 19
log 2 0 1 0 0 0 60
log 2 1 1 0 1 0 -2
log 2 1 1 0 1 0 1
log 2 1 1 0 1 0 4
log 2 1 1 0 1 0 19
log 2 1 1 0 1 0 60
log 2 7 1 0 4 0 -2
log 2 7 1 0 4 0 1
log 2 7 1 0 4 0 4
log 2 7 1 0 4 0 19
log 2 7 1 0 4 0 60
log 2 87 1 0 8 0 -2
log 2 87 1 0 8 0 1
log 2 87 1 0 8 0 4
log 2 87 1 0 8 0 19
log 2 87 1 0 8 0 60
Log 2 3 1 -5 0 1 -2
Log 2 3 1 -5 0 1 1
Log 2 3 1 -5 0 1 4
Log 2 3 1 -5 0 1 19
Log 2 3 1 -5 0 1 60
Log 2 3 1 -5 0 0 -2
Log 2 3 1 -5 0 0 1
Log 2 3 1 -5 0 0 4
Log 2 3 1 -5 0 0 19
Log 2 3 1 -5 0 0 60
Log 2 3 1 -5 1 0 -2
Log 2 3 1 -5 1 0 1
Log 2 3 1 -5 1 0 4
Log 2 3 1 -5 1 0 19
Log 2 3 1 -5 1 0 60
Log 2 3 1 -5 4 0 -2
Log 2 3 1 -5 4 0 1
Log 2 3 1 -5 4 0 4
Log 2 3 1 -5 4 0 19
Log 2 3 1 -5 4 0 60
Log 2 3 1 -5 8 0 -2
Log 2 3 1 -5 8 0 1
Log 2 3 1 -5 8 0 4
Log 2 3 1 -5 8 0 19
Log 2 3 1 -5 8 0 60
Log 2 0 1 0 0 1 -2
Log 2 0 1 0 0 1 1
Log 2 0 1 0 0 1 4
Log 2 0 1 0 0 1 19
Log 2 0 1 0 0 1 60
Log 2 0 1 0 0 0 -2
Log 2 0 1 0 0 0 1
Log 2 0 1 0 0 0 4
Log 2 0 1 0 0 0 19
Log 2 0 1 0 0 0 60
Log 2 0 1 0 1 0 -2
Log 2 0 1 0 1 0 1
Log 2 0 1 0 1 0 4
Log 2 0 1 0 1 0 19
Log 2 0 1 0 1 0 60
Log 2 0 1 0 4 0 -2
Log 2 0 1 0 4 0 1
Log 2 0 1 0 4 0 4
Log 2 0 1 0 4 0 19
Log 2 0 1 0 4 0 60
Log 2 0 1 0 8 0 -2
Log 2 0 1 0 8 0 1
Log 2 0 1 0 8 0 4
Log 2 0 1 0 8 0 19
Log 2 0 1 0 8 0 60
exp 3 1 4 1 0 1 -2
exp 3 1 4 1 0 1 1
exp 3 1 4 1 0 1 4
exp 3 1 4 1 0 1 19
exp 3 1 4 1 0 1 60
exp 3 0 1 0 0 0 -2
exp 3 0 1 0 0 0 1
exp 3 0 1 0 0 0 4
exp 3 0 1 0 0 0 19
exp 3 0 1 0 0 0 60
exp 3 0 1 0 1 0 -2
exp 3 0 1 0 1 0 1
exp 3 0 1 0 1 0 4
exp 3 0 1 0 1 0 19
exp 3 0 1 0 1 0 60
exp 3 7 1 1 4 0 -2
exp 3 7 1 1 4 0 1
exp 3 7 1 1 4 0 4
exp 3 7 1 1 4 0 19
exp 3 7 1 1 4 0 60
exp 3 547 1 1 8 0 -2
exp 3 547 1 1 8 0 1
exp 3 547 1 1 8 0 4
exp 3 547 1 1 8 0 19
exp 3 547 1 1 8 0 60
log 3 7 4 0 0 1 -2
log 3 7 4 0 0 1 1
log 3 7 4 0 0 1 4
log 3 7 4 0 0 1 19
log 3 7 4 0 0 1 60
log 3 0 1 0 0 0 -2
log 3 0 1 0 0 0 1
log 3 0 1 0 0 0 4
log 3 0 1 0 0 0 19
log 3 0 1 0 0 0 60
log 3 1 1 0 1 0 -2
log 3 1 1 0 1 0 1
log 3 1 1 0 1 0 4
log 3 1 1 0 1 0 19
log 3 1 1 0 1 0 60
log 3 22 1 0 4 0 -2
log 3 22 1 0 4 0 1
log 3 22 1 0 4 0 4
log 3 22 1 0 4 0 19
log 3 22 1 0 4 0 60
log 3 1642 1 0 8 0 -2
log 3 1642 1 0 8 0 1
log 3 1642 1 0 8 0 4
log 3 1642 1 0 8 0 19
log 3 1642 1 0 8 0 60
Log 3 2 1 -5 0 1 -2
Log 3 2 1 -5 0 1 1
Log 3 2 1 -5 0 1 4
Log 3 2 1 -5 0 1 19
Log 3 2 1 -5 0 1 60
Log 3 2 1 -5 0 0 -2
Log 3 2 1 -5 0 0 1
Log 3 2 1 -5 0 0 4
Log 3 2 1 -5 0 0 19
Log 3 2 1 -5 0 0 60
Log 3 2 1 -5 1 0 -2
Log 3 2 1 -5 1 0 1
Log 3 2 1 -5 1 0 4
Log 3 2 1 -5 1 0 19
Log 3 2 1 -5 1 0 60
Log 3 2 1 -5 4 0 -2
Log 3 2 1 -5 4 0 1
Log 3 2 1 -5 4 0 4
Log 3 2 1 -5 4 0 19
Log 3 2 1 -5 4 0 60
Log 3 2 1 -5 8 0 -2
Log 3 2 1 -5 8 0 1
Log 3 2 1 -5 8 0 4
Log 3 2 1 -5 8 0 19
Log 3 2 1 -5 8 0 60
Log 3 0 1 0 0 1 -2
Log 3 0 1 0 0 1 1
Log 3 0 1 0 0 1 4
Log 3 0 1 0 0 1 19
Log 3 0 1 0 0 1 60
Log 3 0 1 0 0 0 -2
Log 3 0 1 0 0 0 1
Log 3 0 1 0 0 0 4
Log 3 0 1 0 0 0 19
Log 3 0 1 0 0 0 60
Log 3 0 1 0 1 0 -2
Log 3 0 1 0 1 0 1
Log 3 0 1 0 1 0 4
Log 3 0 1 0 1 0 19
Log 3 0 1 0 1 0 60
Log 3 0 1 0 4 0 -2
Log 3 0 1 0 4 0 1
Log 3 0 1 0 4 0 4
Log 3 0 1 0 4 0 19
Log 3 0 1 0 4 0 60
Log 3 0 1 0 8 0 -2
Log 3 0 1 0 8 0 1
Log 3 0 1 0 8 0 4
Log 3 0 1 0 8 0 19
Log 3 0 1 0 8 0 60
exp 5 1 6 1 0 1 -2
exp 5 1 6 1 0 1 1
exp 5 1 6 1 0 1 4
exp 5 1 6 1 0 1 19
exp 5 1 6 1 0 1 60
exp 5 0 1 0 0 0 -2
exp 5 0 1 0 0 0 1
exp 5 0 1 0 0 0 4
exp 5 0 1 0 0 0 19
exp 5 0 1 0 0 0 60
exp 5 0 1 0 1 0 -2
exp 5 0 1 0 1 0 1
exp 5 0 1 0 1 0 4
exp 5 0 1 0 1 0 19
exp 5 0 1 0 1 0 60
exp 5 21 1 1 4 0 -2
exp 5 21 1 1 4 0 1
exp 5 21 1 1 4 0 4
exp 5 21 1 1 4 0 19
exp 5 21 1 1 4 0 60
exp 5 13021 1 1 8 0 -2
exp 5 13021 1 1 8 0 1
exp 5 13021 1 1 8 0 4
exp 5 13021 1 1 8 0 19
exp 5 13021 1 1 8 0 60
log 5 11 6 0 0 1 -2
log 5 11 6 0 0 1 1
log 5 11 6 0 0 1 4
log 5 11 6 0 0 1 19
log 5 11 6 0 0 1 60
log 5 0 1 0 0 0 -2
log 5 0 1 0 0 0 1
log 5 0 1 0 0 0 4
log 5 0 1 0 0 0 19
log 5 0 1 0 0 0 60
log 5 1 1 0 1 0 -2
log 5 1 1 0 1 0 1
log 5 1 1 0 1 0 4
log 5 1 1 0 1 0 19
log 5 1 1 0 1 0 60
log 5 106 1 0 4 0 -2
log 5 106 1 0 4 0 1
log 5 106 1 0 4 0 4
log 5 106 1 0 4 0 19
log 5 106 1 0 4 0 60
log 5 65106 1 0 8 0 -2
log 5 65106 1 0 8 0 1
log 5 65106 1 0 8 0 4
log 5 65106 1 0 8 0 19
log 5 65106 1 0 8 0 60
Log 5 2 1 -5 0 1 -2
Log 5 2 1 -5 0 1 1
Log 5 2 1 -5 0 1 4
Log 5 2 1 -5 0 1 19
Log 5 2 1 -5 0 1 60
Log 5 2 1 -5 0 0 -2
Log 5 2 1 -5 0 0 1
Log 5 2 1 -5 0 0 4
Log 5 2 1 -5 0 0 19
Log 5 2 1 -5 0 0 60
Log 5 2 1 -5 1 0 -2
Log 5 2 1 -5 1 0 1
Log 5 2 1 -5 1 0 4
Log 5 2 1 -5 1 0 19
Log 5 2 1 -5 1 0 60
Log 5 2 1 -5 4 0 -2
Log 5 2 1 -5 4 0 1
Log 5 2 1 -5 4 0 4
Log 5 2 1 -5 4 0 19
Log 5 2 1 -5 4 0 60
Log 5 2 1 -5 8 0 -2
Log 5 2 1 -5 8 0 1
Log 5 2 1 -5 8 0 4
Log 5 2 1 -5 8 0 19
Log 5 2 1 -5 8 0 60
Log 5 0 1 0 0 1 -2
Log 5 0 1 0 0 1 1
Log 5 0 1 0 0 1 4
Log 5 0 1 0 0 1 19
Log 5 0 1 0 0 1 60
Log 5 0 1 0 0 0 -2
Log 5 0 1 0 0 0 1
Log 5 0 1 0 0 0 4
Log 5 0 1 0 0 0 19
Log 5 0 1 0 0 0 60
Log 5 0 1 0 1 0 -2
Log 5 0 1 0 1 0 1
Log 5 0 1 0 1 0 4
Log 5 0 1 0 1 0 19
Log 5 0 1 0 1 0 60
Log 5 0 1 0 4 0 -2
Log 5 0 1 0 4 0 1
Log 5 0 1 0 4 0 4
Log 5 0 1 0 4 0 19
Log 5 0 1 0 4 0 60
Log 5 0 1 0 8 0 -2
Log 5 0 1 0 8 0 1
Log 5 0 1 0 8 0 4
Log 5 0 1 0 8 0 19
Log 5 0 1 0 8 0 60
exp 7 1 8 1 0 1 -2
exp 7 1 8 1 0 1 1
exp 7 1 8 1 0 1 4
exp 7 1 8 1 0 1 19
exp 7 1 8 1 0 1 60
exp 7 0 1 0 0 0 -2
exp 7 0 1 0 0 0 1
exp 7 0 1 0 0 0 4
exp 7 0 1 0 0 0 19
exp 7 0 1 0 0 0 60
exp 7 0 1 0 1 0 -2
exp 7 0 1 0 1 0 1
exp 7 0 1 0 1 0 4
exp 7 0 1 0 1 0 19
exp 7 0 1 0 1 0 60
exp 7 43 1 1 4 0 -2
exp 7 43 1 1 4 0 1
exp 7 43 1 1 4 0 4
exp 7 43 1 1 4 0 19
exp 7 43 1 1 4 0 60
exp 7 102943 1 1 8 0 -2
exp 7 102943 1 1 8 0 1
exp 7 102943 1 1 8 0 4
exp 7 102943 1 1 8 0 19
exp 7 102943 1 1 8 0 60
log 7 15 8 0 0 1 -2
log 7 15 8 0 0 1 1
log 7 15 8 0 0 1 4
log 7 15 8 0 0 1 19
log 7 15 8 0 0 1 60
log 7 0 1 0 0 0 -2
log 7 0 1 0 0 0 1
log 7 0 1 0 0 0 4
log 7 0 1 0 0 0 19
log 7 0 1 0 0 0 60
log 7 1 1 0 1 0 -2
log 7 1 1 0 1 0 1
log 7 1 1 0 1 0 4
log 7 1 1 0 1 0 19
log 7 1 1 0 1 0 60
log 7 302 1 0 4 0 -2
log 7 302 1 0 4 0 1
log 7 302 1 0 4 0 4
log 7 302 1 0 4 0 19
log 7 302 1 0 4 0 60
log 7 720602 1 0 8 0 -2
log 7 720602 1 0 8 0 1
log 7 720602 1 0 8 0 4
log 7 720602 1 0 8 0 19
log 7 720602 1 0 8 0 60
Log 7 2 1 -5 0 1 -2
Log 7 2 1 -5 0 1 1
Log 7 2 1 -5 0 1 4
Log 7 2 1 -5 0 1 19
Log 7 2 1 -5 0 1 60
Log 7 2 1 -5 0 0 -2
Log 7 2 1 -5 0 0 1
Log 7 2 1 -5 0 0 4
Log 7 2 1 -5 0 0 19
Log 7 2 1 -5 0 0 60
Log 7 2 1 -5 1 0 -2
Log 7 2 1 -5 1 0 1
Log 7 2 1 -5 1 0 4
Log 7 2 1 -5 1 0 19
Log 7 2 1 -5 1 0 60
Log 7 2 1 -5 4 0 -2
Log 7 2 1 -5 4 0 1
Log 7 2 1 -5 4 0 4
Log 7 2 1 -5 4 0 19
Log 7 2 1 -5 4 0 60
Log 7 2 1 -5 8 0 -2
Log 7 2 1 -5 8 0 1
Log 7 2 1 -5 8 0 4
Log 7 2 1 -5 8 0 19
Log 7 2 1 -5 8 0 60
Log 7 0 1 0 0 1 -2
Log 7 0 1 0 0 1 1
Log 7 0 1 0 0 1 4
Log 7 0 1 0 0 1 19
Log 7 0 1 0 0 1 60
Log 7 0 1 0 0 0 -2
Log 7 0 1 0 0 0 1
Log 7 0 1 0 0 0 4
Log 7 0 1 0 0 0 19
Log 7 0 1 0 0 0 60
Log 7 0 1 0 1 0 -2
Log 7 0 1 0 1 0 1
Log 7 0 1 0 1 0 4
Log 7 0 1 0 1 0 19
Log 7 0 1 0 1 0 60
Log 7 0 1 0 4 0 -2
Log 7 0 1 0 4 0 1
Log 7 0 1 0 4 0 4
Log 7 0 1 0 4 0 19
Log 7 0 1 0 4 0 60
Log 7 0 1 0 8 0 -2
Log 7 0 1 0 8 0 1
Log 7 0 1 0 8 0 4
Log 7 0 1 0 8 0 19
Log 7 0 1 0 8 0 60
exp 11 1 12 1 0 1 -2
exp 11 1 12 1 0 1 1
exp 11 1 12 1 0 1 4
exp 11 1 12 1 0 1 19
exp 11 1 12 1 0 1 60
exp 11 0 1 0 0 0 -2
exp 11 0 1 0 0 0 1
exp 11 0 1 0 0 0 4
exp 11 0 1 0 0 0 19
exp 11 0 1 0 0 0 60
exp 11 0 1 0 1 0 -2
exp 11 0 1 0 1 0 1
exp 11 0 1 0 1 0 4
exp 11 0 1 0 1 0 19
exp 11 0 1 0 1 0 60
exp 11 111 1 1 4 0 -2
exp 11 111 1 1 4 0 1
exp 11 111 1 1 4 0 4
exp 11 111 1 1 4 0 19
exp 11 111 1 1 4 0 60
exp 11 1623931 1 1 8 0 -2
exp 11 1623931 1 1 8 0 1
exp 11 1623931 1 1 8 0 4
exp 11 1623931 1 1 8 0 19
exp 11 1623931 1 1 8 0 60
log 11 23 12 0 0 1 -2
log 11 23 12 0 0 1 1
log 11 23 12 0 0 1 4
log 11 23 12 0 0 1 19
log 11 23 12 0 0 1 60
log 11 0 1 0 0 0 -2
log 11 0 1 0 0 0 1
log 11 0 1 0 0 0 4
log 11 0 1 0 0 0 19
log 11 0 1 0 0 0 60
log 11 1 1 0 1 0 -2
log 11 1 1 0 1 0 1
log 11 1 1 0 1 0 4
log 11 1 1 0 1 0 19
log 11 1 1 0 1 0 60
log 11 1222 1 0 4 0 -2
log 11 1222 1 0 4 0 1
log 11 1222 1 0 4 0 4
log 11 1222 1 0 4 0 19
log 11 1222 1 0 4 0 60
log 11 17863242 1 0 8 0 -2
log 11 17863242 1 0 8 0 1
log 11 17863242 1 0 8 0 4
log 11 17863242 1 0 8 0 19
log 11 17863242 1 0 8 0 60
Log 11 2 1 -5 0 1 -2
Log 11 2 1 -5 0 1 1
Log 11 2 1 -5 0 1 4
Log 11 2 1 -5 0 1 19
Log 11 2 1 -5 0 1 60
Log 11 2 1 -5 0 0 -2
Log 11 2 1 -5 0 0 1
Log 11 2 1 -5 0 0 4
Log 11 2 1 -5 0 0 19
Log 11 2 1 -5 0 0 60
Log 11 2 1 -5 1 0 -2
Log 11 2 1 -5 1 0 1
Log 11 2 1 -5 1 0 4
Log 11 2 1 -5 1 0 19
Log 11 2 1 -5 1 0 60
Log 11 2 1 -5 4 0 -2
Log 11 2 1 -5 4 0 1
Log 11 2 1 -5 4 0 4
Log 11 2 1 -5 4 0 19
Log 11 2 1 -5 4 0 60
Log 11 2 1 -5 8 0 -2
Log 11 2 1 -5 8 0 1
Log 11 2 1 -5 8 0 4
Log 11 2 1 -5 8 0 19
Log 11 2 1 -5 8 0 60
Log 11 0 1 0 0 1 -2
Log 11 0 1 0 0 1 1
Log 11 0 1 0 0 1 4
Log 11 0 1 0 0 1 19
Log 11 0 1 0 0 1 60
Log 11 0 1 0 0 0 -2
Log 11 0 1 0 0 0 1
Log 11 0 1 0 0 0 4
Log 11 0 1 0 0 0 19
Log 11 0 1 0 0 0 60
Log 11 0 1 0 1 0 -2
Log 11 0 1 0 1 0 1
Log 11 0 1 0 1 0 4
Log 11 0 1 0 1 0 19
Log 11 0 1 0 1 0 60
Log 11 0 1 0 4 0 -2
Log 11 0 1 0 4 0 1
Log 11 0 1 0 4 0 4
Log 11 0 1 0 4 0 19
Log 11 0 1 0 4 0 60
Log 11 0 1 0 8 0 -2
Log 11 0 1 0 8 0 1
Log 11 0 1 0 8 0 4
Log 11 0 1 0 8 0 19
Log 11 0 1 0 8 0 60
exp 18446744073709551557 1 18446744073709551558 1 0 1 -2
exp 18446744073709551557 1 18446744073709551558 1 0 1 1
exp 18446744073709551557 1 18446744073709551558 1 0 1 4
exp 18446744073709551557 1 18446744073709551558 1 0 1 19
exp 18446744073709551557 1 18446744073709551558 1 0 1 60
exp 18446744073709551557 0 1 0 0 0 -2
exp 18446744073709551557 0 1 0 0 0 1
exp 18446744073709551557 0 1 0 0 0 4
exp 18446744073709551557 0 1 0 0 0 19
exp 18446744073709551557 0 1 0 0 0 60
exp 18446744073709551557 0 1 0 1 0 -2
exp 18446744073709551557 0 1 0 1 0 1
exp 18446744073709551557 0 1 0 1 0 4
exp 18446744073709551557 0 1 0 1 0 19
exp 18446744073709551557 0 1 0 1 0 60
exp 18446744073709551557 340282366920938461268212062660331572693 1 1 4 0 -2
exp 18446744073709551557 340282366920938461268212062660331572693 1 1 4 0 1
exp 18446744073709551557 340282366920938461268212062660331572693 1 1 4 0 4
exp 18446744073709551557 340282366920938461268212062660331572693 1 1 4 0 19
exp 18446744073709551557 340282366920938461268212062660331572693 1 1 4 0 60
exp 18446744073709551557 39402006196394478454003642348220540635205431520985157867433050999125607632493232584896502514873021007636438441841693 1 1 8 0 -2
exp 18446744073709551557 39402006196394478454003642348220540635205431520985157867433050999125607632493232584896502514873021007636438441841693 1 1 8 0 1
exp 18446744073709551557 39402006196394478454003642348220540635205431520985157867433050999125607632493232584896502514873021007636438441841693 1 1 8 0 4
exp 18446744073709551557 39402006196394478454003642348220540635205431520985157867433050999125607632493232584896502514873021007636438441841693 1 1 8 0 19
exp 18446744073709551557 39402006196394478454003642348220540635205431520985157867433050999125607632493232584896502514873021007636438441841693 1 1 8 0 60
log 18446744073709551557 36893488147419103115 18446744073709551558 0 0 1 -2
log 18446744073709551557 36893488147419103115 18446744073709551558 0 0 1 1
log 18446744073709551557 36893488147419103115 18446744073709551558 0 0 1 4
log 18446744073709551557 36893488147419103115 18446744073709551558 0 0 1 19
log 18446744073709551557 36893488147419103115 18446744073709551558 0 0 1 60
log 18446744073709551557 0 1 0 0 0 -2
log 18446744073709551557 0 1 0 0 0 1
log 18446744073709551557 0 1 0 0 0 4
log 18446744073709551557 0 1 0 0 0 19
log 18446744073709551557 0 1 0 0 0 60
log 18446744073709551557 1 1 0 1 0 -2
log 18446744073709551557 1 1 0 1 0 1
log 18446744073709551557 1 1 0 1 0 4
log 18446744073709551557 1 1 0 1 0 19
log 18446744073709551557 1 1 0 1 0 60
log 18446744073709551557 6277101735386680703265528111280620114456186228129576833002 1 0 4 0 -2
log 18446744073709551557 6277101735386680703265528111280620114456186228129576833002 1 0 4 0 1
log 18446744073709551557 6277101735386680703265528111280620114456186228129576833002 1 0 4 0 4
log 18446744073709551557 6277101735386680703265528111280620114456186228129576833002 1 0 4 0 19
log 18446744073709551557 6277101735386680703265528111280620114456186228129576833002 1 0 4 0 60
log 18446744073709551557 726838724295606874236893242580690297371182469834232118962611850181154951706908080932256684057239942663504526279134749338379016215666002 1 0 8 0 -2
log 18446744073709551557 726838724295606874236893242580690297371182469834232118962611850181154951706908080932256684057239942663504526279134749338379016215666002 1 0 8 0 1
log 18446744073709551557 726838724295606874236893242580690297371182469834232118962611850181154951706908080932256684057239942663504526279134749338379016215666002 1 0 8 0 4
log 18446744073709551557 726838724295606874236893242580690297371182469834232118962611850181154951706908080932256684057239942663504526279134749338379016215666002 1 0 8 0 19
log 18446744073709551557 726838724295606874236893242580690297371182469834232118962611850181154951706908080932256684057239942663504526279134749338379016215666002 1 0 8 0 60
Log 18446744073709551557 2 1 -5 0 1 -2
Log 18446744073709551557 2 1 -5 0 1 1
Log 18446744073709551557 2 1 -5 0 1 4
Log 18446744073709551557 2 1 -5 0 1 19
Log 18446744073709551557 2 1 -5 0 1 60
Log 18446744073709551557 2 1 -5 0 0 -2
Log 18446744073709551557 2 1 -5 0 0 1
Log 18446744073709551557 2 1 -5 0 0 4
Log 18446744073709551557 2 1 -5 0 0 19
Log 18446744073709551557 2 1 -5 0 0 60
Log 18446744073709551557 2 1 -5 1 0 -2
Log 18446744073709551557 2 1 -5 1 0 1
Log 18446744073709551557 2 1 -5 1 0 4
Log 18446744073709551557 2 1 -5 1 0 19
Log 18446744073709551557 2 1 -5 1 0 60
Log 18446744073709551557 2 1 -5 4 0 -2
Log 18446744073709551557 2 1 -5 4 0 1
Log 18446744073709551557 2 1 -5 4 0 4
Log 18446744073709551557 2 1 -5 4 0 19
Log 18446744073709551557 2 1 -5 4 0 60
Log 18446744073709551557 2 1 -5 8 0 -2
Log 18446744073709551557 2 1 -5 8 0 1
Log 18446744073709551557 2 1 -5 8 0 4
Log 18446744073709551557 2 1 -5 8 0 19
Log 18446744073709551557 2 1 -5 8 0 60
Log 18446744073709551557 0 1 0 0 1 -2
Log 18446744073709551557 0 1 0 0 1 1
Log 18446744073709551557 0 1 0 0 1 4
Log 18446744073709551557 0 1 0 0 1 19
Log 18446744073709551557 0 1 0 0 1 60
Log 18446744073709551557 0 1 0 0 0 -2
Log 18446744073709551557 0 1 0 0 0 1
Log 18446744073709551557 0 1 0 0 0 4
Log 18446744073709551557 0 1 0 0 0 19
Log 18446744073709551557 0 1 0 0 0 60
Log 18446744073709551557 0 1 0 1 0 -2
Log 18446744073709551557 0 1 0 1 0 1
Log 18446744073709551557 0 1 0 1 0 4
Log 18446744073709551557 0 1 0 1 0 19
Log 18446744073709551557 0 1 0 1 0 60
Log 18446744073709551557 0 1 0 4 0 -2
Log 18446744073709551557 0 1 0 4 0 1
Log 18446744073709551557 0 1 0 4 0 4
Log 18446744073709551557 0 1 0 4 0 19
Log 18446744073709551557 0 1 0 4 0 60
Log 18446744073709551557 0 1 0 8 0 -2
Log 18446744073709551557 0 1 0 8 0 1
Log 18446744073709551557 0 1 0 8 0 4
Log 18446744073709551557 0 1 0 8 0 19
Log 18446744073709551557 0 1 0 8 0 60
