Log 2 3 1 -2 16 0 1992
log 3 38 5 0 0 1 2432
log 5 20626 1 0 33 0 1900
exp 7 39 1 2 32 0 593
exp 11 36 5 3 0 1 297
exp 18446744073709551557 19 1 3 23 0 1240
Log 2 -29 9 -6 0 1 46
log 3 -1385 8 0 0 1 2154
log 5 16876 1 0 17 0 128
Log 7 36 1 4 9 0 2850
log 11 342 1 0 37 0 879
log 18446744073709551557 11569600475311907683746399428957398224467 1 0 38 0 490
log 2 79 1 0 14 0 554
exp 3 25 1 3 31 0 2506
Log 5 -19 18 0 0 1 1824
exp 7 25 11 1 0 1 1802
log 11 175693 1 0 16 0 2334
log 18446744073709551557 56493915618480126332452294303814027181519584617109175651244 7 0 0 1 32
Log 2 39 1 5 0 1 2049
exp 3 37 14 4 0 1 2258
log 5 203 18 0 0 1 2525
exp 7 15 4 5 0 1 2785
Log 11 13 2 -7 0 1 312
exp 18446744073709551557 35 18 5 0 1 35
log 2 313 1 0 16 0 1505
exp 3 22 19 1 0 1 106
log 5 10626 1 0 12 0 2268
log 7 1131 4 0 0 1 1794
Log 11 8 17 -1 0 1 2656
Log 18446744073709551557 -37 8 -6 0 1 12
Log 2 35 1 4 44 0 1828
exp 3 37 1 5 15 0 2370
log 5 1251 1 0 37 0 1082
log 7 981 1 0 6 0 2599
Log 11 8 1 -6 20 0 835
Log 18446744073709551557 23 12 5 0 1 9
exp 2 15 1 3 24 0 2700
exp 3 29 1 1 13 0 1976
exp 5 27 16 1 0 1 173
exp 7 5 1 2 12 0 482
Log 11 23 1 -5 5 0 1248
Log 18446744073709551557 11 1 2 21 0 27
exp 2 13 1 5 22 0 1776
exp 3 23 14 3 0 1 149
exp 5 9 1 1 10 0 2010
log 7 785 1 0 37 0 678
log 11 83 6 0 0 1 908
exp 18446744073709551557 27 1 3 16 0 -2
exp 2 17 5 3 0 1 1840
log 3 3337 16 0 0 1 2180
exp 5 16 1 5 17 0 11
exp 7 29 3 3 0 1 11
Log 11 -23 6 4 0 1 9
exp 18446744073709551557 21 1 2 10 0 31
Log 2 3 1 5 42 0 10
exp 3 5 1 5 21 0 0
log 5 3001 1 0 14 0 22
Log 7 6 1 -4 30 0 11
log 11 73206 1 0 7 0 31
Log 18446744073709551557 -1 1 0 0 1 20
log 2 55 1 0 7 0 -1
Log 3 20 1 -7 24 0 18
log 5 151 1 0 19 0 0
Log 7 -39 16 -7 0 1 -1
log 11 313 16 0 0 1 33
log 18446744073709551557 9868188640707215377313105395287192603239 18 0 0 1 34
log 2 13 1 0 0 1 27
log 3 167 5 0 0 1 28
Log 5 16 1 -1 3 0 21
Log 7 -16 3 -5 0 1 6
log 11 1937 1 0 27 0 27
Log 18446744073709551557 8 1 -6 -1 0 1
Log 2 11 1 -5 1 0 25
exp 3 19 1 1 0 1 28
log 5 401 1 0 20 0 25
log 7 -1132 5 0 0 1 35
exp 11 4 3 3 0 1 18
Log 18446744073709551557 36 19 -2 0 1 18
exp 2 1 1 3 7 0 -2
exp 3 5 16 5 0 1 32
exp 5 23 18 4 0 1 1
Log 7 29 15 -5 0 1 11
Log 11 10 1 -5 4 0 3
Log 18446744073709551557 6 1 4 9 0 13
Log 2 27 5 5 0 1 29
Log 3 35 1 -3 32 0 26
Log 5 11 1 2 21 0 21
log 7 4803 1 0 35 0 16
log 11 1 1 0 4 0 9
log 18446744073709551557 144373339913893656182933640998635847241661160688167893330942 3 0 0 1 -2
Log 2 27 1 3 15 0 9
log 3 -299 11 0 0 1 2
exp 5 28 1 1 20 0 15
Log 7 39 8 -3 0 1 18
log 11 29287 5 0 0 1 -2
Log 18446744073709551557 37 1 1 38 0 12
exp 2 -9 7 2 0 1 8
log 3 34 1 0 0 1 35
exp 5 39 1 2 10 0 12
Log 7 22 1 3 15 0 17
Log 11 34 1 2 18 0 36
log 18446744073709551557 1 1 0 1 0 36
exp 2 3 1 4 30 0 14
Log 3 20 1 -6 34 0 34
Log 5 -9 2 -4 0 1 12
log 7 5847 16 0 0 1 21
Log 11 28 1 2 12 0 8
exp 18446744073709551557 39 1 3 27 0 15
log 2 7 1 0 12 0 5
log 3 1 1 0 1 0 28
Log 5 39 19 -5 0 1 35
log 7 8243 11 0 0 1 28
log 11 22628 1 0 23 0 12
log 18446744073709551557 -4052723123306066787976124141010093914330641870477320790336692091685754953490047 12 0 0 1 0
exp 2 23 1 3 22 0 36
log 3 2836 1 0 0 1 19
log 5 943 18 0 0 1 11
log 7 10646 13 0 0 1 32
Log 11 24 1 -4 13 0 29
Log 18446744073709551557 17 18 -5 0 1 13
Log 2 5 1 -3 17 0 25
Log 3 8 1 -1 37 0 -1
log 5 -4377 2 0 0 1 28
Log 7 17 1 2 36 0 8
log 11 4115 1 0 17 0 8
Log 18446744073709551557 30 1 -3 31 0 15
Log 2 39 1 -5 5 0 28
log 3 31 7 0 0 1 27
exp 5 -37 4 1 0 1 22
Log 7 17 1 -5 0 1 27
exp 11 21 1 3 18 0 8
log 18446744073709551557 516508834063867443613 17 0 0 1 16
Log 2 15 1 2 7 0 8
exp 3 37 1 5 37 0 10
log 5 47 2 0 0 1 34
log 7 171 10 0 0 1 6
log 11 2179 1 0 14 0 -1
Log 18446744073709551557 -17 12 0 0 1 24
log 2 47 1 0 35 0 11
log 3 659 11 0 0 1 29
exp 5 21 1 2 9 0 13
log 7 139 6 0 0 1 17
Log 11 15 1 -2 8 0 31
log 18446744073709551557 1020847100762815383859976420202123372754 7 0 0 1 12
exp 2 25 17 3 0 1 18
log 3 49 10 0 0 1 12
log 5 16 1 0 0 1 13
log 7 -12706 15 0 0 1 32
log 11 67 1 0 35 0 8
log 18446744073709551557 182035950326213740404568503867845198696007550432907343765111 14 0 0 1 36
exp 2 35 1 4 22 0 6
Log 3 37 1 4 17 0 34
log 5 101 6 0 0 1 26
Log 7 2 1 1 30 0 34
log 11 386 1 0 16 0 19
exp 18446744073709551557 26 1 3 17 0 31
exp 2 27 1 5 34 0 2
Log 3 28 1 5 27 0 2
Log 5 24 1 -1 20 0 28
log 7 9965 18 0 0 1 34
Log 11 1 1 -4 1 0 24
exp 18446744073709551557 16 9 2 0 1 35
Log 2 5 1 -5 35 0 32
log 3 3079 1 0 34 0 17
Log 5 26 1 -4 34 0 13
Log 7 16 9 -2 0 1 25
Log 11 2 15 -7 0 1 25
log 18446744073709551557 175758848590827059700962693389643640120283152142117435359405 1 0 21 0 14
Log 2 -29 7 -2 0 1 23
log 3 31 1 0 21 0 11
exp 5 34 13 1 0 1 -2
Log 7 24 1 5 27 0 30
Log 11 30 17 0 0 1 4
Log 18446744073709551557 10 1 3 35 0 10
exp 2 35 1 3 30 0 28
Log 3 25 4 2 0 1 5
log 5 10631 6 0 0 1 22
exp 7 41 6 2 0 1 23
exp 11 -25 9 1 0 1 35
exp 18446744073709551557 32 11 2 0 1 10
log 2 25 7 0 0 1 9
exp 3 26 1 1 7 0 6
exp 5 19 1 1 28 0 22
Log 7 22 1 -6 1 0 27
log 11 137 5 0 0 1 36
log 18446744073709551557 1701411834604692306433294033670205621246 1 0 15 0 2
log 2 31 1 0 34 0 35
Log 3 4 1 -2 1 0 9
Log 5 31 14 -5 0 1 17
Log 7 9 1 3 25 0 14
log 11 153 10 0 0 1 21
exp 18446744073709551557 14 17 2 0 1 14
exp 2 13 1 2 27 0 13
Log 3 26 17 -4 0 1 11
Log 5 -8 13 -4 0 1 5
Log 7 -37 9 4 0 1 2
log 11 1334 3 0 0 1 11
log 18446744073709551557 -207144357267760463218991745780651432998905143596066977387870 1 0 0 1 21
exp 2 3 1 4 33 0 28
Log 3 25 1 -5 11 0 33
Log 5 28 1 2 41 0 2
Log 7 6 1 1 21 0 7
Log 11 35 1 -1 8 0 35
Log 18446744073709551557 13 1 -7 7 0 3
log 2 101 1 0 16 0 14
log 3 97 4 0 0 1 18
exp 5 24 1 2 17 0 26
exp 7 39 1 4 27 0 17
log 11 366026 1 0 6 0 3
log 18446744073709551557 3705346855594118206149599214637800150245158281579264722593547055255547386048033 1 0 15 0 18
exp 2 13 1 2 25 0 25
Log 3 23 1 3 41 0 -2
log 5 3631 6 0 0 1 -1
Log 7 37 2 -5 0 1 29
Log 11 39 4 5 0 1 22
Log 18446744073709551557 25 1 -4 28 0 8
Log 2 21 1 -3 28 0 13
exp 3 14 1 2 21 0 2
exp 5 24 7 4 0 1 12
log 7 295 1 0 38 0 23
log 11 10649 1 0 36 0 24
exp 18446744073709551557 22 3 3 0 1 24
log 2 43 1 0 27 0 31
Log 3 1 1 -1 21 0 33
log 5 23137 12 0 0 1 33
log 7 28829 17 0 0 1 18
Log 11 18 1 -2 7 0 12
log 18446744073709551557 1505297160085110521248274680946606311037095551891576293553628491197566125582014 1 0 14 0 28
exp 2 7 11 2 0 1 5
log 3 298 19 0 0 1 6
exp 5 41 6 5 0 1 3
exp 7 41 12 4 0 1 27
exp 11 -1 1 3 0 1 12
Log 18446744073709551557 10 1 1 4 0 5
Log 2 -15 1 -5 0 1 10
Log 3 26 1 -4 2 0 11
Log 5 17 6 3 0 1 10
log 7 8 1 0 2 0 6
exp 11 -19 16 3 0 1 1
log 18446744073709551557 81602322560026849146875536216620261484417177780268809274017 8 0 0 1 17
exp 2 -3 13 4 0 1 29
log 3 1393 16 0 0 1 0
exp 5 39 7 2 0 1 13
exp 7 38 1 2 17 0 14
exp 11 13 1 5 29 0 0
exp 18446744073709551557 21 1 5 26 0 23
log 2 25 1 0 12 0 29
exp 3 19 17 1 0 1 17
exp 5 37 1 5 28 0 2
log 7 589 1 0 12 0 1
exp 11 24 1 4 30 0 16
log 18446744073709551557 106710729501573571961298778129426495787314770943428442896791 10 0 0 1 32
log 2 93 1 0 31 0 29
exp 3 -4 17 4 0 1 12
log 5 1007 7 0 0 1 20
log 7 64828 1 0 23 0 28
Log 11 37 1 -4 35 0 25
Log 18446744073709551557 27 10 2 0 1 9
exp 2 17 1 2 12 0 -2
exp 3 -29 2 5 0 1 16
log 5 -11877 2 0 0 1 22
Log 7 15 13 -3 0 1 0
Log 11 36 1 5 44 0 36
log 18446744073709551557 2894802230932904848554374386435781367379029907483800564526208636918396395350026 1 0 12 0 28
Log 2 23 9 3 0 1 -1
log 3 1 1 0 3 0 6
exp 5 -31 14 3 0 1 32
exp 7 1 1 2 3 0 13
log 11 157 14 0 0 1 10
log 18446744073709551557 -578960446186580969710874877287156273475805981496760112905241727383679279070017 12 0 0 1 3
Log 2 25 1 -7 12 0 5
exp 3 16 1 1 0 1 22
Log 5 39 1 0 37 0 0
exp 7 3 1 1 18 0 0
Log 11 6 1 0 5 0 2
log 18446744073709551557 -4083388403051261535439905680808493490999 11 0 0 1 20
exp 2 3 1 4 33 0 16
log 3 253 1 0 22 0 31
exp 5 12 1 3 32 0 23
exp 7 4 1 1 16 0 12
log 11 78 1 0 40 0 19
exp 18446744073709551557 27 10 1 0 1 21
exp 2 11 7 4 0 1 11
log 3 946 1 0 40 0 2
exp 5 16 1 3 5 0 3
exp 7 8 1 5 36 0 0
log 11 468513 1 0 40 0 35
Log 18446744073709551557 35 1 -2 3 0 26
exp 2 1 15 3 0 1 27
log 3 2269 1 0 34 0 16
log 5 10001 1 0 29 0 8
Log 7 3 1 -7 4 0 24
exp 11 17 15 3 0 1 9
exp 18446744073709551557 22 15 4 0 1 1
exp 2 15 1 4 21 0 14
log 3 541 1 0 37 0 20
Log 5 17 14 4 0 1 2
log 7 127 15 0 0 1 32
Log 11 36 1 -5 11 0 24
Log 18446744073709551557 37 1 -2 22 0 15
exp 2 -11 9 3 0 1 16
log 3 -1547 8 0 0 1 2
exp 5 39 11 1 0 1 28
Log 7 10 1 -6 11 0 16
Log 11 23 6 -3 0 1 11
Log 18446744073709551557 12 19 1 0 1 12
log 2 -163 15 0 0 1 19
log 3 475 16 0 0 1 3
log 5 136 1 0 0 1 31
log 7 31216 3 0 0 1 19
exp 11 21 1 4 7 0 36
log 18446744073709551557 442721857769029237369 1 0 3 0 29
Log 2 7 11 -4 0 1 25
exp 3 28 19 4 0 1 36
exp 5 -36 1 3 0 1 11
log 7 263 18 0 0 1 31
Log 11 19 5 -3 0 1 27
exp 18446744073709551557 12 1 2 24 0 4
log 2 303 7 0 0 1 26
log 3 433 1 0 32 0 24
log 5 10017 17 0 0 1 32
Log 7 33 17 -4 0 1 34
log 11 49 16 0 0 1 -2
Log 18446744073709551557 37 2 4 0 1 -1
Log 2 21 1 -1 35 0 5
Log 3 -35 4 -1 0 1 2
log 5 451 1 0 27 0 2
log 7 1822 9 0 0 1 4
exp 11 14 1 2 34 0 5
log 18446744073709551557 8166776806102523070879811361616986981977 1 0 19 0 29
log 2 55 1 0 25 0 11
exp 3 7 5 3 0 1 4
exp 5 26 1 4 19 0 14
Log 7 19 6 -4 0 1 9
log 11 146411 1 0 24 0 14
Log 18446744073709551557 34 15 -4 0 1 12
exp 2 27 1 2 9 0 12
log 3 -43 13 0 0 1 10
Log 5 34 1 2 42 0 29
log 7 10291 1 0 16 0 8
log 11 1 1 0 3 0 13
log 18446744073709551557 719423018874672510724 1 0 36 0 30
Log 2 27 5 4 0 1 26
Log 3 14 13 0 0 1 6
Log 5 8 1 5 38 0 16
Log 7 19 1 -7 0 0 11
Log 11 15 7 -2 0 1 10
Log 18446744073709551557 22 13 0 0 1 19
exp 2 3 1 5 15 0 20
exp 3 19 8 3 0 1 10
log 5 1376 1 0 24 0 29
log 7 69634 5 0 0 1 10
Log 11 38 1 1 26 0 24
exp 18446744073709551557 5 2 5 0 1 30
exp 2 11 3 4 0 1 35
Log 3 5 1 1 6 0 27
Log 5 37 1 0 39 0 33
exp 7 23 12 4 0 1 29
log 11 35938 1 0 22 0 31
Log 18446744073709551557 1 10 -4 0 1 12
exp 2 1 1 5 40 0 31
Log 3 29 4 -3 0 1 26
exp 5 27 8 3 0 1 31
exp 7 24 1 4 31 0 -2
Log 11 37 16 -4 0 1 1
exp 18446744073709551557 14 1 3 36 0 20
Log 2 19 9 -1 0 1 25
log 3 1081 1 0 10 0 17
Log 5 11 18 -3 0 1 4
exp 7 11 6 4 0 1 24
exp 11 30 1 5 17 0 35
log 18446744073709551557 200867255532373782515385935302449874423180745305277068982177 1 0 17 0 22
exp 2 7 1 3 8 0 11
log 3 1 1 0 1 0 17
Log 5 38 1 -5 33 0 4
log 7 10977 1 0 16 0 29
log 11 232 1 0 16 0 15
log 18446744073709551557 4515891480255331563744824042839818933111286655674728880660885473592698376746040 1 0 35 0 0
Log 2 3 1 3 22 0 30
log 3 -2528 17 0 0 1 20
exp 5 33 1 1 39 0 17
log 7 275 16 0 0 1 36
Log 11 26 1 -4 28 0 30
log 18446744073709551557 -9527906273786276916026446588553151478987 15 0 0 1 16
log 2 -609 17 0 0 1 19
exp 3 29 5 2 0 1 3
log 5 301 1 0 11 0 1
log 7 244 13 0 0 1 16
exp 11 4 19 2 0 1 26
log 18446744073709551557 115792089237316193942174975457431254695161196299352022581048345476735855814008 7 0 0 1 9
log 2 209 1 0 29 0 15
Log 3 5 2 2 0 1 5
Log 5 23 11 0 0 1 3
exp 7 22 17 3 0 1 25
Log 11 -13 2 -5 0 1 24
Log 18446744073709551557 29 4 -4 0 1 36
log 2 141 1 0 20 0 19
exp 3 11 1 1 29 0 27
Log 5 21 1 -2 16 0 6
exp 7 5 1 2 11 0 29
Log 11 38 1 -7 4 0 26
log 18446744073709551557 232252764209307186033414987693457667301802736759226611010655 14 0 0 1 21
Log 2 23 5 -3 0 1 2
exp 3 10 1 5 27 0 7
Log 5 13 1 -4 12 0 11
log 7 -38433 17 0 0 1 30
log 11 -3277 10 0 0 1 5
log 18446744073709551557 258254417031933721817 19 0 0 1 10
log 2 49 1 0 15 0 31
Log 3 19 1 0 11 0 0
exp 5 34 3 4 0 1 15
Log 7 31 1 -3 22 0 18
exp 11 13 8 2 0 1 -2
log 18446744073709551557 11909882842232846145033058235691439348731 16 0 0 1 19
log 2 107 19 0 0 1 -2
Log 3 22 1 5 13 0 10
log 5 17 12 0 0 1 31
log 7 605 17 0 0 1 8
exp 11 4 1 1 38 0 -1
Log 18446744073709551557 31 1 -7 -6 0 12
log 2 -465 1 0 0 1 15
Log 3 1 1 -4 5 0 8
exp 5 29 1 5 32 0 8
exp 7 11 1 2 30 0 1
Log 11 19 4 3 0 1 21
Log 18446744073709551557 2 1 -2 32 0 7
Log 2 9 11 2 0 1 8
Log 3 14 1 -7 24 0 -1
exp 5 3 1 2 13 0 32
log 7 257 12 0 0 1 13
Log 11 26 1 -4 0 0 34
log 18446744073709551557 461168601842738788926 1 0 7 0 2
exp 2 17 9 3 0 1 19
log 3 7 1 0 3 0 1
Log 5 21 4 1 0 1 0
log 7 11320 1 0 35 0 6
exp 11 13 1 1 21 0 11
log 18446744073709551557 -682529530727253407617 8 0 0 1 29
exp 2 7 1 3 32 0 36
log 3 2755 1 0 17 0 12
log 5 201 1 0 8 0 5
Log 7 27 1 2 0 1 15
log 11 46586 1 0 17 0 8
log 18446744073709551557 1 1 0 1 0 3
Log 2 19 17 2 0 1 3
exp 3 35 8 4 0 1 28
exp 5 23 18 2 0 1 11
exp 7 33 1 5 27 0 0
log 11 30614 1 0 15 0 5
Log 18446744073709551557 5 1 0 7 0 34
Log 2 37 1 5 33 0 30
Log 3 -23 16 -1 0 1 33
Log 5 16 1 -4 8 0 17
exp 7 11 18 3 0 1 17
Log 11 28 9 3 0 1 26
log 18446744073709551557 -3357970587882169624323074288265506386159674692681208654850402018825339818606047 18 0 0 1 22
exp 2 9 1 2 41 0 14
Log 3 -1 5 5 0 1 7
exp 5 21 1 4 12 0 13
Log 7 17 16 4 0 1 4
log 11 -30614 1 0 0 1 8
exp 18446744073709551557 26 5 4 0 1 36
exp 2 35 1 3 25 0 23
log 3 -1867 4 0 0 1 18
exp 5 6 1 4 35 0 28
exp 7 37 18 4 0 1 18
Log 11 8 1 -6 19 0 33
Log 18446744073709551557 24 1 -2 0 1 7
exp 2 17 1 3 42 0 30
Log 3 38 1 4 24 0 6
log 5 19376 1 0 27 0 10
Log 7 17 18 -1 0 1 36
log 11 571001 2 0 0 1 6
Log 18446744073709551557 29 18 -1 0 1 12
Log 2 23 13 -5 0 1 13
log 3 352 19 0 0 1 22
log 5 96 1 0 31 0 21
Log 7 29 6 -6 0 1 7
exp 11 3 1 3 39 0 15
Log 18446744073709551557 39 11 2 0 1 12
log 2 23 3 0 0 1 0
Log 3 37 5 5 0 1 14
exp 5 2 1 2 15 0 31
exp 7 12 1 1 17 0 35
log 11 102488 1 0 8 0 27
exp 18446744073709551557 25 1 4 7 0 29
exp 2 27 17 4 0 1 6
Log 3 4 1 -4 18 0 25
log 5 801 1 0 34 0 34
log 7 3785 12 0 0 1 3
log 11 424596 7 0 0 1 22
Log 18446744073709551557 5 16 -5 0 1 30
log 2 51 13 0 0 1 5
log 3 676 1 0 0 1 18
exp 5 31 16 4 0 1 9
Log 7 22 1 1 21 0 7
log 11 263539 1 0 36 0 32
Log 18446744073709551557 14 5 -2 0 1 17
Log 2 7 1 0 37 0 26
exp 3 -7 2 2 0 1 13
exp 5 6 1 1 11 0 16
Log 7 30 1 1 37 0 17
log 11 3753 2 0 0 1 13
Log 18446744073709551557 27 4 -2 0 1 24
log 2 35 9 0 0 1 35
log 3 2269 1 0 8 0 13
Log 5 14 1 1 27 0 35
Log 7 31 4 -7 0 1 8
exp 11 8 1 2 41 0 16
log 18446744073709551557 106710729501573571961298778129426495787314770943428442896797 16 0 0 1 6
Log 2 15 1 -4 29 0 17
Log 3 22 1 1 37 0 30
Log 5 37 6 2 0 1 21
exp 7 29 2 1 0 1 35
exp 11 29 14 4 0 1 22
Log 18446744073709551557 27 1 5 17 0 6
log 2 303 7 0 0 1 14
exp 3 26 5 4 0 1 25
Log 5 -7 9 -7 0 1 33
Log 7 4 1 -5 26 0 19
Log 11 13 1 4 0 1 14
exp 18446744073709551557 -14 13 1 0 1 19
Log 2 39 17 -5 0 1 6
Log 3 8 17 4 0 1 36
exp 5 37 8 5 0 1 24
log 7 232 1 0 0 1 9
Log 11 17 7 1 0 1 13
log 18446744073709551557 194590153796987101811780124824248315847456347014487160576495 12 0 0 1 6
log 2 93 17 0 0 1 1
exp 3 14 1 2 23 0 25
exp 5 11 16 4 0 1 28
Log 7 23 1 -4 8 0 27
log 11 -248906 9 0 0 1 16
Log 18446744073709551557 5 1 3 22 0 8
Log 2 23 7 -6 0 1 3
Log 3 35 2 -6 0 1 -2
exp 5 36 1 1 38 0 22
exp 7 -5 6 5 0 1 13
Log 11 6 1 -1 38 0 4
Log 18446744073709551557 10 3 1 0 1 10
exp 2 37 17 4 0 1 27
Log 3 14 1 -3 29 0 0
log 5 -11881 6 0 0 1 29
log 7 106 1 0 17 0 17
exp 11 31 1 3 12 0 13
exp 18446744073709551557 12 1 1 34 0 15
Log 2 29 1 5 29 0 5
exp 3 34 1 3 39 0 20
log 5 6893 18 0 0 1 36
log 7 1031 2 0 0 1 8
Log 11 8 5 -5 0 1 21
log 18446744073709551557 4515891480255331563744824042839818933111286655674728880660885473592698376746040 1 0 39 0 17
exp 2 7 1 2 21 0 33
Log 3 -19 4 4 0 1 35
exp 5 17 14 3 0 1 2
exp 7 33 1 4 39 0 16
log 11 2801 18 0 0 1 10
Log 18446744073709551557 6 1 -6 13 0 17
Log 2 17 1 1 41 0 9
exp 3 5 1 3 6 0 13
Log 5 31 1 -2 5 0 11
exp 7 11 6 3 0 1 6
exp 11 -7 13 4 0 1 26
Log 18446744073709551557 32 1 -6 7 0 22
exp 2 25 1 4 15 0 18
exp 3 16 1 2 28 0 18
exp 5 -37 17 5 0 1 6
Log 7 9 10 -2 0 1 25
log 11 1 1 0 1 0 20
Log 18446744073709551557 5 18 -3 0 1 -2
log 2 7 1 0 35 0 0
log 3 460 1 0 10 0 8
Log 5 4 1 -7 0 0 23
Log 7 5 9 -5 0 1 5
log 11 38600 1 0 12 0 14
exp 18446744073709551557 5 1 2 16 0 26
log 2 67 1 0 27 0 13
log 3 892 1 0 35 0 12
Log 5 11 14 -2 0 1 4
log 7 183 1 0 37 0 25
Log 11 12 1 -4 12 0 -2
Log 18446744073709551557 -18 1 -4 0 1 13
log 2 -201 1 0 0 1 33
exp 3 19 7 4 0 1 10
log 5 901 1 0 15 0 13
log 7 845 12 0 0 1 35
Log 11 36 19 3 0 1 17
log 18446744073709551557 3126386409407537236438724337350643876769352300082504609688305327871868106978037 10 0 0 1 21
log 2 529 1 0 10 0 35
exp 3 29 7 3 0 1 33
exp 5 17 2 5 0 1 19
exp 7 38 1 4 44 0 36
log 11 -214 5 0 0 1 23
exp 18446744073709551557 35 1 1 32 0 28
Log 2 15 1 -7 -1 0 29
log 3 145 1 0 28 0 4
Log 5 23 3 -6 0 1 5
exp 7 -9 13 4 0 1 9
Log 11 36 1 -3 27 0 1
Log 18446744073709551557 10 1 -2 26 0 19
exp 2 37 19 3 0 1 3
exp 3 -13 5 5 0 1 -1
log 5 191 6 0 0 1 13
log 7 86441 5 0 0 1 1
exp 11 37 14 1 0 1 33
log 18446744073709551557 10889035741470030761173081815489315975969 1 0 3 0 36
log 2 -73 15 0 0 1 22
exp 3 22 1 2 11 0 15
log 5 189 19 0 0 1 32
log 7 1 1 0 3 0 0
Log 11 24 17 -1 0 1 5
exp 18446744073709551557 22 7 5 0 1 19
exp 2 5 17 5 0 1 17
exp 3 11 16 1 0 1 20
exp 5 38 1 1 31 0 23
log 7 95 4 0 0 1 34
log 11 4599 1 0 35 0 16
exp 18446744073709551557 15 14 5 0 1 26
Log 2 -37 9 3 0 1 4
exp 3 2 1 1 2 0 4
Log 5 31 7 1 0 1 21
Log 7 30 13 -5 0 1 5
log 11 21297 1 0 11 0 1
exp 18446744073709551557 15 1 4 28 0 13
log 2 5 3 0 0 1 24
log 3 283 13 0 0 1 25
Log 5 1 1 1 17 0 33
exp 7 23 18 1 0 1 20
exp 11 32 1 4 8 0 2
Log 18446744073709551557 13 19 5 0 1 21
exp 2 35 1 3 11 0 3
exp 3 -29 8 1 0 1 29
exp 5 7 2 5 0 1 33
Log 7 13 1 -2 36 0 4
log 11 353 1 0 3 0 4
log 18446744073709551557 9527906273786276916026446588553151478977 5 0 0 1 3
log 2 69 13 0 0 1 12
Log 3 -29 4 4 0 1 16
exp 5 -13 9 3 0 1 14
Log 7 24 1 1 24 0 14
Log 11 12 1 0 22 0 19
exp 18446744073709551557 17 13 3 0 1 25
Log 2 39 17 -4 0 1 22
exp 3 -5 8 5 0 1 31
log 5 226 1 0 20 0 15
Log 7 5 1 -5 31 0 16
Log 11 13 14 -3 0 1 35
Log 18446744073709551557 29 2 4 0 1 20
Log 2 21 1 -3 0 1 32
Log 3 37 1 -2 21 0 25
Log 5 1 1 4 35 0 36
Log 7 15 1 -3 10 0 15
Log 11 14 1 2 25 0 27
exp 18446744073709551557 36 1 3 8 0 34
Log 2 17 1 -3 17 0 24
Log 3 17 1 4 11 0 23
exp 5 34 1 3 39 0 29
log 7 246 1 0 30 0 30
Log 11 6 1 2 17 0 28
Log 18446744073709551557 3 1 0 17 0 25
exp 2 39 1 5 19 0 14
exp 3 35 1 4 43 0 17
Log 5 1 1 1 2 0 35
log 7 134 1 0 20 0 21
exp 11 2 1 3 15 0 28
exp 18446744073709551557 -17 18 5 0 1 27
exp 2 19 1 3 26 0 6
Log 3 25 1 1 18 0 15
log 5 1 1 0 2 0 18
log 7 218 1 0 5 0 2
exp 11 29 1 3 37 0 27
Log 18446744073709551557 15 8 -3 0 1 17
log 2 241 1 0 26 0 11
exp 3 2 1 1 25 0 -2
exp 5 38 1 5 37 0 1
exp 7 17 1 2 14 0 28
log 11 43 10 0 0 1 29
exp 18446744073709551557 3 1 5 40 0 4
exp 2 15 19 4 0 1 22
log 3 -68 11 0 0 1 36
Log 5 13 18 -2 0 1 22
exp 7 33 1 3 6 0 23
log 11 2549 8 0 0 1 10
exp 18446744073709551557 9 1 4 7 0 -1
log 2 241 1 0 11 0 10
log 3 -437 5 0 0 1 18
Log 5 32 11 2 0 1 15
Log 7 25 1 -1 39 0 34
exp 11 18 1 2 22 0 12
exp 18446744073709551557 -16 3 4 0 1 28
log 2 117 1 0 0 1 14
log 3 352 1 0 6 0 14
exp 5 -17 18 2 0 1 26
Log 7 -29 12 4 0 1 -2
exp 11 27 7 5 0 1 32
Log 18446744073709551557 23 19 -5 0 1 2
Log 2 17 3 -1 0 1 11
exp 3 -13 8 5 0 1 20
exp 5 12 1 1 41 0 35
Log 7 17 6 1 0 1 -1
Log 11 -17 10 -6 0 1 15
log 18446744073709551557 -169481746855440378997356882911442081544558753851327526953712 1 0 0 1 15
log 2 67 1 0 22 0 18
log 3 406 1 0 8 0 25
log 5 18126 1 0 29 0 10
exp 7 9 8 5 0 1 35
log 11 1 1 0 1 0 17
Log 18446744073709551557 19 1 2 28 0 12
exp 2 3 1 2 36 0 24
Log 3 14 1 3 13 0 2
Log 5 37 12 -7 0 1 -2
Log 7 6 1 3 5 0 34
log 11 287 1 0 19 0 30
log 18446744073709551557 3589554766356802012207424239180368895549997085279912700012498709778811530234041 10 0 0 1 -1
log 2 433 1 0 0 1 6
log 3 23 14 0 0 1 0
Log 5 13 1 -1 6 0 8
exp 7 32 1 3 43 0 19
Log 11 37 5 -4 0 1 26
log 18446744073709551557 9868188640707215377313105395287192603233 12 0 0 1 1
exp 2 31 1 3 9 0 8
exp 3 38 1 2 30 0 25
log 5 3391 16 0 0 1 21
log 7 204 1 0 28 0 20
exp 11 29 1 3 25 0 12
log 18446744073709551557 340282366920938461286658806734041124251 2 0 0 1 22
Log 2 17 1 2 16 0 1
log 3 568 1 0 25 0 11
exp 5 12 13 5 0 1 19
Log 7 29 1 0 39 0 30
exp 11 -23 13 4 0 1 0
Log 18446744073709551557 10 1 2 10 0 12
exp 2 7 1 4 11 0 30
exp 3 4 1 3 19 0 30
Log 5 31 3 -4 0 1 24
Log 7 29 1 1 7 0 19
exp 11 35 1 3 23 0 32
exp 18446744073709551557 10 1 3 30 0 7
exp 2 13 1 4 8 0 13
exp 3 4 1 2 34 0 5
Log 5 26 1 -2 19 0 15
log 7 221 18 0 0 1 0
exp 11 18 1 5 45 0 17
log 18446744073709551557 225975662473920505329809177215256108726078338468436702604949 1 0 7 0 4
exp 2 31 5 5 0 1 20
Log 3 31 1 -5 2 0 17
log 5 1376 1 0 8 0 15
exp 7 15 1 4 33 0 14
exp 11 39 1 4 13 0 18
log 18446744073709551557 10889035741470030761173081815489315975969 1 0 8 0 7
Log 2 -35 19 -6 0 1 16
exp 3 19 1 2 29 0 0
Log 5 12 7 -7 0 1 7
log 7 131 12 0 0 1 11
exp 11 18 1 4 28 0 20
exp 18446744073709551557 28 17 5 0 1 29
Log 2 21 1 -3 12 0 17
log 3 85 16 0 0 1 34
log 5 24376 1 0 33 0 11
exp 7 27 1 2 10 0 10
exp 11 13 18 2 0 1 25
log 18446744073709551557 1852673427797059103074799607318900075122579140789632361296773527627773693024017 1 0 39 0 5
log 2 217 1 0 17 0 34
Log 3 17 19 2 0 1 17
exp 5 17 1 5 12 0 3
Log 7 16 5 0 0 1 21
exp 11 26 1 5 43 0 24
log 18446744073709551557 2381976568446569229006611647138287869753 10 0 0 1 23
log 2 117 1 0 21 0 32
log 3 -13 1 0 0 1 25
Log 5 -7 9 3 0 1 29
log 7 493 3 0 0 1 16
exp 11 13 17 4 0 1 27
Log 18446744073709551557 8 1 5 33 0 8
log 2 89 1 0 19 0 35
log 3 -2356 7 0 0 1 22
log 5 4126 1 0 30 0 4
log 7 1145 18 0 0 1 20
exp 11 20 17 3 0 1 25
exp 18446744073709551557 24 7 3 0 1 31
Log 2 19 5 3 0 1 25
log 3 1006 7 0 0 1 6
exp 5 26 1 1 9 0 11
log 7 93640 1 0 16 0 8
exp 11 2 1 3 4 0 12
log 18446744073709551557 131819136443120294775722020042232730090212364106588076519554 1 0 13 0 36
exp 2 15 1 3 8 0 28
log 3 359 8 0 0 1 15
log 5 4376 1 0 7 0 27
Log 7 24 1 -4 11 0 13
Log 11 21 16 -4 0 1 16
log 18446744073709551557 232252764209307186033414987693457667301802736759226611010656 15 0 0 1 32
exp 2 31 1 3 41 0 13
exp 3 16 1 2 36 0 17
Log 5 7 9 -2 0 1 27
log 7 36 1 0 17 0 12
exp 11 15 2 5 0 1 8
log 18446744073709551557 463168356949264775768699901829725018780644785197408090324193381906943423256005 1 0 21 0 27
log 2 133 1 0 38 0 11
exp 3 17 10 2 0 1 16
log 5 651 1 0 25 0 34
Log 7 37 1 4 0 1 34
log 11 190334 1 0 21 0 8
log 18446744073709551557 700976274800962959167 1 0 13 0 18
log 2 25 1 0 11 0 14
exp 3 37 8 2 0 1 6
Log 5 32 1 -4 0 1 27
Log 7 33 19 -4 0 1 18
exp 11 -17 3 2 0 1 28
Log 18446744073709551557 28 1 -5 8 0 32
Log 2 27 1 -5 17 0 18
Log 3 20 13 5 0 1 1
log 5 41 1 0 13 0 14
exp 7 23 16 4 0 1 -2
exp 11 4 1 3 39 0 11
log 18446744073709551557 8507059173023461532166470168351028106239 14 0 0 1 0
log 2 109 17 0 0 1 3
Log 3 10 1 -6 6 0 25
exp 5 22 9 1 0 1 6
exp 7 -23 4 3 0 1 12
Log 11 21 1 2 12 0 2
exp 18446744073709551557 2 1 1 12 0 36
Log 2 39 1 -2 11 0 1
Log 3 -1 5 -4 0 1 -1
exp 5 28 1 4 20 0 0
exp 7 27 8 4 0 1 30
exp 11 27 1 2 21 0 9
exp 18446744073709551557 17 3 3 0 1 32
Log 2 37 1 5 24 0 29
exp 3 -17 10 4 0 1 0
Log 5 19 2 -1 0 1 4
exp 7 29 1 5 32 0 0
exp 11 -17 12 3 0 1 22
log 18446744073709551557 5784800237655953841873199714478699112234 1 0 22 0 31
log 2 61 1 0 39 0 27
exp 3 34 1 4 21 0 4
exp 5 39 14 1 0 1 0
exp 7 37 10 3 0 1 28
Log 11 18 1 3 0 1 30
log 18446744073709551557 231584178474632387884349950914862509390322392598704045162096690953471711628005 3 0 0 1 19
exp 2 1 1 4 5 0 8
exp 3 20 1 1 17 0 15
exp 5 3 13 3 0 1 4
exp 7 19 1 4 0 1 0
exp 11 24 1 2 31 0 0
exp 18446744073709551557 12 1 3 22 0 11
Log 2 37 15 -3 0 1 22
Log 3 13 17 -5 0 1 16
Log 5 36 1 1 6 0 26
log 7 1422 1 0 29 0 5
exp 11 23 9 3 0 1 17
Log 18446744073709551557 6 1 2 6 0 16
log 2 83 11 0 0 1 36
Log 3 26 5 -7 0 1 29
exp 5 17 1 4 15 0 12
exp 7 22 3 5 0 1 0
Log 11 3 1 -5 21 0 15
log 18446744073709551557 239807672958224170247 6 0 0 1 27
exp 2 1 1 3 6 0 22
Log 3 17 1 -3 15 0 8
Log 5 38 1 -7 12 0 8
log 7 99 1 0 14 0 22
log 11 12 1 0 25 0 30
exp 18446744073709551557 34 1 1 34 0 20
exp 2 27 1 2 8 0 25
exp 3 4 1 5 33 0 4
log 5 -179 19 0 0 1 21
log 7 5146 1 0 9 0 10
exp 11 38 1 5 13 0 18
Log 18446744073709551557 11 8 -4 0 1 11
exp 2 19 1 4 0 1 8
log 3 2360 11 0 0 1 14
exp 5 23 18 5 0 1 5
log 7 -445 4 0 0 1 35
log 11 15973 1 0 27 0 2
log 18446744073709551557 -1157920892373161939421749754574312546951611962993520225810483454767358558140021 11 0 0 1 17
log 2 121 1 0 37 0 27
Log 3 29 2 -5 0 1 16
Log 5 23 12 -1 0 1 20
log 7 -1731 16 0 0 1 19
exp 11 17 8 2 0 1 23
exp 18446744073709551557 31 1 2 20 0 21
Log 2 21 1 -3 36 0 12
log 3 112 1 0 12 0 5
exp 5 37 14 2 0 1 18
Log 7 27 19 -3 0 1 26
Log 11 -16 5 -4 0 1 1
log 18446744073709551557 221360928884514618685 1 0 22 0 33
Log 2 11 1 -7 0 0 19
exp 3 1 1 1 3 0 28
Log 5 37 14 1 0 1 15
Log 7 11 1 -1 20 0 22
Log 11 14 1 -7 8 0 18
exp 18446744073709551557 37 10 2 0 1 23
log 2 93 17 0 0 1 20
exp 3 35 1 5 43 0 3
exp 5 16 11 5 0 1 28
Log 7 -11 18 -5 0 1 6
Log 11 25 1 4 42 0 16
Log 18446744073709551557 1 1 -6 29 0 -2
Log 2 33 1 -4 32 0 22
Log 3 -31 13 -2 0 1 25
log 5 626 1 0 27 0 5
Log 7 26 1 0 32 0 36
Log 11 29 1 -7 17 0 14
log 18446744073709551557 94156526030800210554087157173023378635865974361848626085396 1 0 35 0 8
exp 2 1 1 4 5 0 14
log 3 85 1 0 33 0 13
log 5 17503 3 0 0 1 15
exp 7 25 3 3 0 1 13
log 11 2542 1 0 23 0 8
exp 18446744073709551557 30 13 2 0 1 23
exp 2 5 9 5 0 1 30
exp 3 40 13 5 0 1 9
Log 5 37 2 5 0 1 30
Log 7 16 3 -2 0 1 7
Log 11 36 1 5 17 0 20
log 18446744073709551557 69048119089253487739663915260217144332968381198688992462637 14 0 0 1 26
log 2 241 1 0 13 0 11
log 3 10 1 0 4 0 25
log 5 66 1 0 27 0 7
Log 7 10 3 -7 0 1 30
Log 11 38 1 -3 6 0 13
Log 18446744073709551557 26 1 2 23 0 0
Log 2 17 13 -2 0 1 13
log 3 1000 1 0 27 0 32
log 5 11263 13 0 0 1 31
log 7 2745 1 0 22 0 36
exp 11 28 1 5 28 0 12
log 18446744073709551557 9187623906865338454739787781819110354725 2 0 0 1 17
log 2 221 5 0 0 1 26
exp 3 34 5 3 0 1 32
log 5 588 13 0 0 1 2
Log 7 2 1 -4 35 0 25
Log 11 19 1 -6 31 0 4
log 18446744073709551557 200867255532373782515385935302449874423180745305277068982185 9 0 0 1 19
exp 2 37 13 5 0 1 27
Log 3 14 1 -3 13 0 30
exp 5 39 2 3 0 1 13
Log 7 36 13 -5 0 1 3
exp 11 28 15 3 0 1 35
exp 18446744073709551557 1 16 3 0 1 21
exp 2 31 3 2 0 1 -2
exp 3 22 5 2 0 1 21
exp 5 -36 13 4 0 1 23
log 7 1716 1 0 20 0 16
exp 11 23 1 3 27 0 8
exp 18446744073709551557 4 1 1 0 1 33
exp 2 21 1 4 0 1 16
log 3 23 2 0 0 1 0
Log 5 -26 9 -4 0 1 14
exp 7 26 1 4 20 0 19
Log 11 10 1 4 13 0 13
Log 18446744073709551557 23 1 2 0 1 32
log 2 57 1 0 36 0 4
exp 3 -1 5 4 0 1 35
Log 5 -17 6 -5 0 1 12
log 7 9949 2 0 0 1 28
log 11 125 4 0 0 1 32
exp 18446744073709551557 37 1 3 32 0 1
log 2 355 19 0 0 1 4
log 3 49 1 0 26 0 18
Log 5 21 1 5 8 0 24
Log 7 39 19 3 0 1 36
log 11 34 1 0 32 0 25
log 18446744073709551557 571849066284996098286 19 0 0 1 18
Log 2 19 1 -4 1 0 10
log 3 22 1 0 8 0 20
log 5 1387 12 0 0 1 15
Log 7 5 1 4 5 0 5
log 11 5331 7 0 0 1 9
Log 18446744073709551557 29 16 -4 0 1 6
exp 2 7 1 3 26 0 25
exp 3 -28 11 4 0 1 34
exp 5 36 1 3 7 0 32
Log 7 30 1 -5 23 0 4
exp 11 17 1 1 22 0 2
exp 18446744073709551557 13 1 4 21 0 12
Log 2 39 7 -3 0 1 35
log 3 707 5 0 0 1 0
log 5 81 11 0 0 1 28
exp 7 37 1 1 21 0 32
Log 11 24 19 4 0 1 10
Log 18446744073709551557 22 9 -2 0 1 11
log 2 145 1 0 11 0 -1
Log 3 32 11 -7 0 1 16
exp 5 29 9 5 0 1 34
Log 7 -39 11 4 0 1 13
log 11 3873 1 0 27 0 10
log 18446744073709551557 7826494439181584609593152554882945857728 1 0 38 0 0
exp 2 7 1 3 17 0 2
exp 3 32 1 1 0 1 24
log 5 4251 1 0 18 0 36
Log 7 11 1 -5 1 0 5
Log 11 25 6 -2 0 1 2
Log 18446744073709551557 -7 18 3 0 1 3
exp 2 35 1 3 43 0 21
exp 3 13 11 2 0 1 25
log 5 18128 3 0 0 1 19
exp 7 13 10 4 0 1 25
exp 11 31 19 4 0 1 36
exp 18446744073709551557 36 1 5 0 1 22
log 2 -61 5 0 0 1 26
Log 3 5 4 -5 0 1 19
log 5 20639 14 0 0 1 12
log 7 262 17 0 0 1 34
exp 11 5 1 5 16 0 6
log 18446744073709551557 8507059173023461532166470168351028106226 1 0 20 0 11
Log 2 1 1 -2 25 0 12
log 3 1027 1 0 17 0 15
log 5 23137 12 0 0 1 35
log 7 12692 1 0 40 0 33
log 11 4115 1 0 26 0 28
exp 18446744073709551557 29 6 4 0 1 30
exp 2 15 19 4 0 1 35
exp 3 1 1 1 15 0 9
Log 5 26 1 2 17 0 17
log 7 21610 1 0 22 0 24
exp 11 23 2 2 0 1 34
exp 18446744073709551557 32 1 5 44 0 10
log 2 -27 7 0 0 1 9
exp 3 16 7 5 0 1 18
Log 5 -8 11 -4 0 1 23
Log 7 22 19 -1 0 1 25
log 11 175693 1 0 14 0 7
Log 18446744073709551557 11 1 5 15 0 14
exp 2 3 1 5 7 0 7
log 3 2041 16 0 0 1 11
Log 5 36 13 -7 0 1 -1
log 7 15 8 0 0 1 21
log 11 1941 5 0 0 1 16
exp 18446744073709551557 38 1 5 10 0 0
exp 2 -13 19 3 0 1 26
exp 3 1 1 5 6 0 33
Log 5 16 1 -7 25 0 18
exp 7 -29 18 3 0 1 2
Log 11 29 18 2 0 1 35
exp 18446744073709551557 -19 2 3 0 1 30
log 2 27 1 0 20 0 29
log 3 2026 1 0 7 0 14
Log 5 7 4 0 0 1 4
exp 7 37 1 5 44 0 35
exp 11 2 5 4 0 1 5
exp 18446744073709551557 7 16 1 0 1 36
log 2 19 1 0 0 1 16
exp 3 7 10 1 0 1 23
Log 5 14 13 -3 0 1 18
Log 7 25 1 -6 17 0 22
Log 11 31 1 -2 21 0 16
exp 18446744073709551557 7 16 2 0 1 24
log 2 625 1 0 37 0 9
log 3 50 11 0 0 1 16
log 5 1 1 0 2 0 21
log 7 9965 18 0 0 1 6
log 11 46604 19 0 0 1 4
Log 18446744073709551557 15 1 -5 3 0 10
exp 2 31 19 4 0 1 27
exp 3 28 1 1 18 0 3
Log 5 11 1 -1 15 0 15
log 7 13051 17 0 0 1 30
Log 11 1 12 -7 0 1 2
log 18446744073709551557 -92233720368547757798 13 0 0 1 2
log 2 221 5 0 0 1 21
exp 3 22 1 5 43 0 7
Log 5 7 9 -2 0 1 4
Log 7 13 10 -7 0 1 21
Log 11 26 1 -2 27 0 28
exp 18446744073709551557 18 1 3 6 0 34
log 2 369 1 0 11 0 28
exp 3 19 1 4 38 0 19
exp 5 26 1 3 23 0 29
Log 7 34 1 -5 0 1 7
log 11 199 12 0 0 1 36
log 18446744073709551557 8507059173023461532166470168351028106239 14 0 0 1 10
log 2 17 1 0 5 0 13
log 3 352 1 0 27 0 18
Log 5 2 1 -7 -6 0 3
exp 7 34 1 3 14 0 34
log 11 37283 15 0 0 1 14
log 18446744073709551557 2722258935367507690293270453872328993993 1 0 5 0 23
Log 2 25 1 -5 17 0 36
log 3 1054 1 0 31 0 -2
exp 5 29 1 5 0 1 33
log 7 209 6 0 0 1 10
log 11 3769 18 0 0 1 22
Log 18446744073709551557 25 1 -3 5 0 2
Log 2 5 7 -7 0 1 31
log 3 -107 2 0 0 1 12
log 5 413 13 0 0 1 1
exp 7 13 1 5 18 0 11
log 11 27956 5 0 0 1 3
exp 18446744073709551557 37 1 2 14 0 9
log 2 497 1 0 40 0 6
Log 3 20 1 -6 0 1 10
exp 5 11 1 5 27 0 7
log 7 703 17 0 0 1 8
log 11 23959 1 0 0 1 36
Log 18446744073709551557 32 1 -1 6 0 -2
exp 2 -41 13 2 0 1 25
Log 3 -29 2 -1 0 1 0
Log 5 3 1 -2 30 0 15
Log 7 11 1 -4 19 0 11
exp 11 12 1 3 29 0 30
Log 18446744073709551557 7 1 4 0 1 31
exp 2 19 3 5 0 1 -1
Log 3 23 1 -7 14 0 18
Log 5 8 1 -4 21 0 -2
log 7 -705 19 0 0 1 17
exp 11 6 1 5 37 0 1
log 18446744073709551557 5104235503814076919299882101010616863736 1 0 27 0 9
Log 2 11 1 -4 24 0 27
log 3 103 1 0 11 0 11
exp 5 38 1 2 40 0 24
log 7 1 1 0 1 0 20
exp 11 21 1 3 5 0 -1
exp 18446744073709551557 -22 15 4 0 1 15
Log 2 15 1 -5 21 0 26
log 3 2026 1 0 0 1 3
log 5 17511 11 0 0 1 18
log 7 246 1 0 20 0 0
log 11 158 15 0 0 1 34
Log 18446744073709551557 33 1 -5 20 0 26
Log 2 17 1 -6 13 0 18
Log 3 17 10 -5 0 1 26
Log 5 29 18 1 0 1 12
Log 7 10 9 5 0 1 0
log 11 350 9 0 0 1 22
log 18446744073709551557 10208471007628153838599764202021233727471 1 0 24 0 23
exp 2 17 1 4 10 0 11
log 3 2836 1 0 25 0 16
Log 5 24 1 -3 8 0 26
log 7 120 1 0 16 0 28
exp 11 32 1 3 21 0 14
log 18446744073709551557 1 1 0 2 0 0
exp 2 7 1 2 7 0 23
exp 3 17 1 4 33 0 17
log 5 10003 3 0 0 1 13
Log 7 18 1 3 37 0 15
exp 11 37 15 5 0 1 36
log 18446744073709551557 -3821138944831434400091774190095231404940319477878616745174595400732283241862043 10 0 0 1 34
log 2 41 1 0 28 0 9
exp 3 10 1 3 38 0 -2
exp 5 12 1 3 32 0 14
log 7 1716 1 0 4 0 27
log 11 2421 1 0 14 0 25
exp 18446744073709551557 14 1 5 31 0 35
log 2 281 1 0 27 0 33
Log 3 -31 5 0 0 1 18
log 5 52 17 0 0 1 15
Log 7 1 15 2 0 1 22
exp 11 31 19 1 0 1 12
Log 18446744073709551557 10 1 -1 21 0 9
exp 2 21 1 4 42 0 6
log 3 121 1 0 5 0 17
log 5 61 1 0 30 0 11
log 7 71 15 0 0 1 -2
log 11 43940 17 0 0 1 3
exp 18446744073709551557 19 7 2 0 1 27
log 2 37 1 0 25 0 8
log 3 541 1 0 30 0 35
log 5 1019 19 0 0 1 33
Log 7 -8 9 -4 0 1 35
log 11 1582 9 0 0 1 6
log 18446744073709551557 1 1 0 4 0 27
Log 2 -41 15 0 0 1 24
Log 3 34 1 5 39 0 2
Log 5 23 1 -7 32 0 4
Log 7 19 1 0 23 0 33
exp 11 13 1 3 38 0 36
Log 18446744073709551557 33 8 0 0 1 31
exp 2 35 1 4 0 1 30
exp 3 4 1 3 41 0 1
log 5 -287 12 0 0 1 33
Log 7 26 1 0 34 0 7
Log 11 29 1 -6 20 0 7
Log 18446744073709551557 16 1 -4 30 0 15
Log 2 37 1 -6 0 1 12
log 3 775 19 0 0 1 11
Log 5 19 1 4 23 0 25
log 7 92 1 0 32 0 4
Log 11 27 1 -2 0 1 8
log 18446744073709551557 1852673427797059103074799607318900075122579140789632361296773527627773693024021 5 0 0 1 31
Log 2 13 1 0 17 0 24
log 3 2269 1 0 31 0 12
exp 5 8 1 1 32 0 35
exp 7 2 1 4 39 0 9
log 11 12 1 0 31 0 9
log 18446744073709551557 -3743106036130323074153246874074452366755 16 0 0 1 25
exp 2 19 3 2 0 1 2
exp 3 -11 14 5 0 1 15
log 5 -434 9 0 0 1 0
Log 7 -15 16 -5 0 1 14
Log 11 -15 7 4 0 1 32
Log 18446744073709551557 22 9 5 0 1 0
exp 2 -5 9 3 0 1 28
Log 3 -11 14 -7 0 1 30
log 5 -3389 14 0 0 1 7
log 7 1765 1 0 15 0 36
log 11 1574 1 0 39 0 14
log 18446744073709551557 1 1 0 2 0 15
log 2 61 7 0 0 1 25
exp 3 4 1 3 10 0 7
exp 5 18 1 4 38 0 9
log 7 6521 4 0 0 1 16
Log 11 31 1 -4 31 0 6
exp 18446744073709551557 29 1 1 15 0 18
exp 2 35 17 3 0 1 23
log 3 85 1 0 9 0 35
exp 5 36 1 5 0 1 32
exp 7 9 10 4 0 1 33
log 11 395309 2 0 0 1 11
Log 18446744073709551557 29 1 5 32 0 5
Log 2 29 5 0 0 1 9
log 3 136 1 0 0 1 28
exp 5 27 4 5 0 1 3
exp 7 5 1 2 40 0 11
exp 11 -7 2 1 0 1 6
Log 18446744073709551557 15 1 5 7 0 1
Log 2 39 1 4 36 0 30
exp 3 4 19 3 0 1 11
exp 5 23 1 2 38 0 15
Log 7 29 1 -3 3 0 2
log 11 15973 1 0 0 1 21
log 18446744073709551557 3357970587882169624323074288265506386159674692681208654850402018825339818606030 1 0 25 0 15
Log 2 17 1 4 11 0 28
log 3 226 1 0 9 0 11
Log 5 37 18 0 0 1 17
Log 7 15 13 -6 0 1 6
log 11 49248 1 0 21 0 9
exp 18446744073709551557 39 16 1 0 1 15
exp 2 7 1 3 30 0 35
log 3 -1117 10 0 0 1 18
Log 5 2 1 -6 -5 0 7
log 7 7561 15 0 0 1 9
log 11 87847 1 0 11 0 10
log 18446744073709551557 1 1 0 2 0 29
log 2 55 1 0 11 0 15
exp 3 25 1 2 11 0 -2
Log 5 24 1 4 34 0 4
exp 7 8 1 4 36 0 28
Log 11 1 2 5 0 1 5
log 18446744073709551557 87879424295413529850481346694821820060141576071058717679703 1 0 35 0 19
Log 2 23 9 -4 0 1 24
Log 3 17 1 -1 38 0 30
log 5 4251 1 0 30 0 1
log 7 11663 1 0 40 0 -1
log 11 512437 2 0 0 1 -2
Log 18446744073709551557 14 11 3 0 1 29
log 2 483 19 0 0 1 30
exp 3 31 1 4 42 0 27
exp 5 18 1 5 9 0 16
log 7 69630 1 0 17 0 3
Log 11 21 1 -6 -3 0 5
log 18446744073709551557 18831305206160042110817431434604675727173194872369725217080 1 0 32 0 20
log 2 71 1 0 23 0 -1
log 3 -2759 5 0 0 1 26
log 5 451 1 0 33 0 28
log 7 60044 19 0 0 1 3
log 11 331 12 0 0 1 17
log 18446744073709551557 8847341539944399993453128975085069230475 1 0 24 0 11
Log 2 -5 11 -6 0 1 7
exp 3 17 10 2 0 1 33
Log 5 36 1 -3 17 0 16
Log 7 13 18 0 0 1 20
exp 11 21 1 1 29 0 31
log 18446744073709551557 81602322560026849146875536216620261484417177780268809274014 5 0 0 1 26
Log 2 27 5 -3 0 1 29
exp 3 34 11 3 0 1 29
exp 5 3 2 3 0 1 34
log 7 941 10 0 0 1 -2
exp 11 1 1 5 25 0 9
log 18446744073709551557 1736881338559742909132624631861468820427417944490280338715725182151037837210017 2 0 0 1 16
log 2 179 11 0 0 1 20
exp 3 4 11 1 0 1 11
Log 5 7 4 2 0 1 18
exp 7 -5 11 4 0 1 -2
Log 11 -20 19 -7 0 1 34
exp 18446744073709551557 37 1 1 5 0 4
log 2 123 19 0 0 1 33
Log 3 -37 7 -4 0 1 4
Log 5 31 1 -4 7 0 0
exp 7 15 11 3 0 1 20
Log 11 7 6 -1 0 1 17
Log 18446744073709551557 -39 4 0 0 1 10
Log 2 17 15 3 0 1 25
exp 3 1 1 2 4 0 26
exp 5 18 1 5 0 1 15
exp 7 37 10 5 0 1 13
Log 11 10 9 0 0 1 4
Log 18446744073709551557 25 6 -4 0 1 -2
exp 2 27 1 4 0 1 36
exp 3 4 1 2 6 0 25
exp 5 -37 2 3 0 1 0
exp 7 3 1 4 34 0 30
Log 11 8 1 -4 21 0 28
log 18446744073709551557 232252764209307186033414987693457667301802736759226611010642 1 0 31 0 5
exp 2 11 1 4 11 0 18
Log 3 10 1 -2 34 0 24
log 5 136 1 0 25 0 32
Log 7 8 1 -1 32 0 36
exp 11 29 7 2 0 1 27
Log 18446744073709551557 27 14 -7 0 1 -1
log 2 305 1 0 26 0 22
exp 3 20 1 1 31 0 25
exp 5 11 1 4 32 0 33
exp 7 13 8 5 0 1 25
Log 11 25 1 2 41 0 24
exp 18446744073709551557 23 1 5 27 0 21
Log 2 29 19 -4 0 1 14
exp 3 37 1 4 19 0 25
log 5 -3876 1 0 0 1 0
Log 7 19 1 2 23 0 35
log 11 -439231 1 0 0 1 27
log 18446744073709551557 -92233720368547757796 11 0 0 1 6
exp 2 17 13 4 0 1 22
exp 3 28 1 4 36 0 -1
log 5 151 1 0 16 0 1
Log 7 25 1 4 35 0 3
Log 11 15 1 4 34 0 21
exp 18446744073709551557 -4 15 2 0 1 12
log 2 89 11 0 0 1 28
log 3 -35 2 0 0 1 8
log 5 2001 1 0 37 0 19
Log 7 8 1 -7 27 0 4
Log 11 8 1 -4 26 0 26
exp 18446744073709551557 14 1 1 29 0 28
Log 2 15 1 2 19 0 27
log 3 145 1 0 6 0 34
Log 5 7 1 5 28 0 29
log 7 81647 13 0 0 1 25
exp 11 -37 17 4 0 1 29
log 18446744073709551557 3357970587882169624323074288265506386159674692681208654850402018825339818606046 17 0 0 1 6
log 2 13 1 0 7 0 11
log 3 1541 2 0 0 1 1
log 5 66 1 0 27 0 10
log 7 98459 18 0 0 1 33
exp 11 31 1 4 28 0 10
Log 18446744073709551557 11 5 -3 0 1 7
Log 2 19 17 2 0 1 26
log 3 1 1 0 1 0 31
exp 5 21 1 2 34 0 21
Log 7 30 1 -7 -5 0 21
log 11 3153 7 0 0 1 1
log 18446744073709551557 479615345916448340489 7 0 0 1 -1
exp 2 15 1 2 21 0 11
log 3 1540 1 0 21 0 27
log 5 -3633 8 0 0 1 -2
Log 7 9 1 4 27 0 14
log 11 2300 1 0 7 0 13
Log 18446744073709551557 24 1 -4 16 0 9
Log 2 9 1 -6 3 0 23
log 3 -1543 4 0 0 1 2
Log 5 2 1 1 5 0 14
exp 7 29 6 2 0 1 -1
log 11 2798 15 0 0 1 -1
log 18446744073709551557 590295810358705649825 1 0 22 0 11
log 2 93 1 0 33 0 14
exp 3 31 4 5 0 1 8
log 5 934 9 0 0 1 8
Log 7 24 17 4 0 1 11
exp 11 35 18 1 0 1 25
Log 18446744073709551557 41 12 5 0 1 35
Log 2 11 9 -4 0 1 21
log 3 -193 4 0 0 1 29
exp 5 37 16 3 0 1 -1
exp 7 -18 17 3 0 1 25
exp 11 2 1 1 24 0 31
exp 18446744073709551557 34 1 3 15 0 19
exp 2 17 1 4 34 0 15
exp 3 34 19 4 0 1 22
exp 5 21 1 1 30 0 26
Log 7 33 16 3 0 1 18
log 11 -3275 8 0 0 1 2
log 18446744073709551557 9868188640707215377313105395287192603239 18 0 0 1 11
Log 2 13 3 4 0 1 32
exp 3 2 1 2 25 0 33
Log 5 27 1 2 20 0 20
Log 7 29 1 4 42 0 24
Log 11 14 19 4 0 1 20
log 18446744073709551557 11229318108390969222459740622223357100225 8 0 0 1 19
Log 2 5 13 -6 0 1 31
log 3 2365 16 0 0 1 10
exp 5 7 1 2 13 0 35
exp 7 25 1 3 30 0 7
log 11 227 18 0 0 1 32
Log 18446744073709551557 39 1 1 34 0 25
exp 2 29 9 4 0 1 36
Log 3 35 2 -4 0 1 32
exp 5 18 1 5 23 0 22
log 7 -88848 11 0 0 1 23
log 11 -41271 10 0 0 1 28
exp 18446744073709551557 17 16 3 0 1 5
Log 2 19 17 -4 0 1 26
log 3 946 1 0 30 0 20
exp 5 13 3 1 0 1 -2
log 7 14407 1 0 20 0 31
log 11 217 8 0 0 1 16
exp 18446744073709551557 31 1 2 17 0 16
log 2 75 19 0 0 1 11
exp 3 37 10 2 0 1 1
exp 5 12 1 1 8 0 -1
exp 7 38 1 1 28 0 21
log 11 2058 1 0 9 0 22
exp 18446744073709551557 35 18 5 0 1 31
exp 2 19 1 2 28 0 18
log 3 2516 5 0 0 1 34
log 5 -109 19 0 0 1 14
exp 7 13 16 1 0 1 7
exp 11 19 16 5 0 1 1
Log 18446744073709551557 4 1 1 30 0 32
exp 2 1 1 3 20 0 15
exp 3 31 1 4 17 0 26
Log 5 31 1 -2 22 0 9
log 7 -1095 17 0 0 1 9
log 11 375 1 0 20 0 27
exp 18446744073709551557 16 1 2 25 0 9
log 2 105 1 0 7 0 5
log 3 3011 14 0 0 1 12
log 5 401 1 0 12 0 6
log 7 9960 13 0 0 1 14
log 11 453872 1 0 9 0 11
exp 18446744073709551557 5 2 3 0 1 14
Log 2 9 1 5 13 0 9
log 3 53 14 0 0 1 34
exp 5 17 1 3 9 0 22
log 7 358 15 0 0 1 36
log 11 3760 9 0 0 1 30
log 18446744073709551557 350488137400481479596 13 0 0 1 26
exp 2 17 1 5 18 0 -1
exp 3 35 4 1 0 1 26
Log 5 31 1 2 10 0 -2
log 7 81635 1 0 19 0 11
log 11 166 1 0 40 0 26
log 18446744073709551557 7145929705339707687019834941414863609234 5 0 0 1 36
exp 2 27 1 5 18 0 8
exp 3 -11 14 4 0 1 2
exp 5 -37 2 4 0 1 1
exp 7 8 9 2 0 1 28
exp 11 1 1 3 26 0 4
Log 18446744073709551557 26 1 2 27 0 8
log 2 1 1 0 2 0 1
log 3 121 1 0 32 0 32
Log 5 13 2 0 0 1 -2
Log 7 -29 9 -4 0 1 26
log 11 113 14 0 0 1 33
exp 18446744073709551557 26 1 4 10 0 33
Log 2 15 1 2 40 0 30
log 3 19 1 0 35 0 31
exp 5 36 1 5 29 0 16
exp 7 37 6 2 0 1 10
Log 11 -15 8 3 0 1 6
log 18446744073709551557 6125082604576892303159858521212740236495 13 0 0 1 19
exp 2 31 1 2 8 0 27
exp 3 17 10 5 0 1 11
Log 5 7 6 -7 0 1 16
log 7 81635 1 0 10 0 36
log 11 47917 1 0 8 0 36
exp 18446744073709551557 22 1 5 27 0 8
Log 2 -29 15 -4 0 1 32
log 3 253 19 0 0 1 35
exp 5 37 16 1 0 1 36
log 7 17 10 0 0 1 6
exp 11 34 1 2 38 0 10
log 18446744073709551557 276701161105643273362 7 0 0 1 1
exp 2 29 1 4 44 0 31
Log 3 7 11 -1 0 1 19
Log 5 6 13 5 0 1 30
exp 7 36 1 5 26 0 11
Log 11 6 1 1 12 0 11
Log 18446744073709551557 37 19 -6 0 1 7
exp 2 15 7 3 0 1 35
exp 3 11 1 3 6 0 30
Log 5 13 1 1 40 0 15
exp 7 3 2 1 0 1 33
Log 11 3 1 -4 -1 0 32
log 18446744073709551557 166020696663385964014 1 0 4 0 19
exp 2 27 1 5 41 0 8
Log 3 29 8 1 0 1 29
log 5 16251 1 0 38 0 12
Log 7 5 2 3 0 1 29
exp 11 16 1 3 43 0 17
log 18446744073709551557 36893488147419103115 1 0 0 1 28
exp 2 35 9 3 0 1 9
log 3 1 1 0 2 0 0
exp 5 33 1 3 32 0 -2
exp 7 11 1 2 27 0 -2
exp 11 36 1 3 41 0 24
log 18446744073709551557 -100433627766186891257692967651224937211590372652638534491091 3 0 0 1 6
log 2 223 15 0 0 1 10
log 3 343 1 0 13 0 23
exp 5 9 14 4 0 1 2
Log 7 -23 10 3 0 1 26
exp 11 34 1 5 31 0 19
exp 18446744073709551557 33 1 1 11 0 8
exp 2 1 1 2 8 0 22
log 3 848 11 0 0 1 35
log 5 18126 1 0 39 0 32
exp 7 23 1 3 19 0 11
Log 11 35 1 0 25 0 19
log 18446744073709551557 -31385508676933403518029052391007792878621991453949542028477 12 0 0 1 23
log 2 81 1 0 9 0 19
log 3 413 8 0 0 1 27
exp 5 12 1 5 14 0 14
Log 7 -25 9 -4 0 1 32
exp 11 32 1 2 12 0 9
Log 18446744073709551557 10 19 -7 0 1 32
Log 2 27 19 5 0 1 10
Log 3 29 4 1 0 1 26
log 5 3383 8 0 0 1 7
Log 7 36 1 3 36 0 36
log 11 408 1 0 9 0 9
exp 18446744073709551557 4 1 1 39 0 28
exp 2 31 15 2 0 1 36
Log 3 14 1 2 7 0 13
Log 5 28 1 3 16 0 7
exp 7 8 11 5 0 1 -2
exp 11 -35 12 2 0 1 33
exp 18446744073709551557 30 1 4 5 0 24
log 2 121 1 0 0 1 33
log 3 946 1 0 28 0 2
log 5 253 3 0 0 1 21
Log 7 -8 3 -4 0 1 -1
log 11 419 1 0 3 0 35
log 18446744073709551557 2663218052458272460670024435520918857988707514885096519364111945964924683722024 1 0 20 0 20
log 2 289 9 0 0 1 25
exp 3 32 1 5 23 0 6
Log 5 3 1 2 23 0 33
Log 7 10 1 2 35 0 30
log 11 3268 1 0 0 1 5
exp 18446744073709551557 34 1 4 37 0 22
exp 2 29 1 3 17 0 10
exp 3 -28 11 3 0 1 29
exp 5 29 16 2 0 1 4
Log 7 26 1 -5 32 0 11
exp 11 2 1 1 29 0 18
log 18446744073709551557 1 1 0 1 0 21
log 2 57 5 0 0 1 17
log 3 31 1 0 40 0 14
log 5 1501 1 0 14 0 8
Log 7 37 4 -5 0 1 11
log 11 -373 10 0 0 1 22
log 18446744073709551557 25108406941546722814423241912806234302897593163159633622773 1 0 36 0 28
exp 2 7 1 4 39 0 19
Log 3 16 11 -4 0 1 1
log 5 651 1 0 19 0 21
log 7 8 1 0 24 0 -2
Log 11 28 1 -3 5 0 -1
exp 18446744073709551557 7 4 4 0 1 11
log 2 31 5 0 0 1 34
log 3 253 1 0 34 0 6
Log 5 39 2 2 0 1 34
exp 7 37 15 2 0 1 25
Log 11 29 1 -1 16 0 6
log 18446744073709551557 2431633873983640072785674484606056348598385122286392474202015255011452972094022 1 0 26 0 25
log 2 141 1 0 33 0 27
exp 3 29 1 1 18 0 13
Log 5 16 1 -1 37 0 27
exp 7 12 1 5 31 0 17
log 11 727 1 0 0 1 26
log 18446744073709551557 295147905179352824913 1 0 13 0 8
exp 2 37 17 5 0 1 18
exp 3 25 1 5 21 0 34
exp 5 37 1 5 0 1 3
exp 7 22 1 5 19 0 8
log 11 122 1 0 8 0 9
Log 18446744073709551557 28 3 -3 0 1 10
Log 2 5 9 1 0 1 23
log 3 -568 1 0 0 1 20
exp 5 21 1 3 9 0 15
log 7 -67 4 0 0 1 -2
exp 11 10 17 3 0 1 21
Log 18446744073709551557 14 5 -5 0 1 20
exp 2 23 3 2 0 1 -2
Log 3 17 14 2 0 1 31
log 5 2001 1 0 37 0 33
Log 7 18 1 1 33 0 27
Log 11 16 1 1 22 0 10
Log 18446744073709551557 6 1 1 29 0 12
exp 2 29 1 3 8 0 10
Log 3 29 1 -5 23 0 21
exp 5 16 3 2 0 1 3
log 7 1569 1 0 21 0 17
exp 11 8 17 1 0 1 -2
Log 18446744073709551557 35 16 -7 0 1 24
exp 2 33 19 4 0 1 2
Log 3 13 16 -1 0 1 14
exp 5 16 1 1 0 1 35
Log 7 20 1 2 26 0 15
Log 11 37 6 -5 0 1 9
Log 18446744073709551557 17 13 3 0 1 5
log 2 69 17 0 0 1 4
log 3 2522 11 0 0 1 3
exp 5 32 1 1 20 0 34
Log 7 12 1 3 38 0 20
Log 11 34 1 1 21 0 0
Log 18446744073709551557 4 1 -2 16 0 29
log 2 247 7 0 0 1 35
Log 3 35 1 1 23 0 31
exp 5 21 1 2 23 0 36
log 7 13378 1 0 21 0 4
exp 11 29 6 4 0 1 20
log 18446744073709551557 578960446186580969710874877287156273475805981496760112905241727383679279070023 18 0 0 1 14
log 2 47 3 0 0 1 22
exp 3 26 1 5 40 0 25
log 5 24376 1 0 18 0 8
exp 7 39 17 5 0 1 35
Log 11 37 14 3 0 1 12
Log 18446744073709551557 19 1 5 30 0 29
exp 2 17 1 3 23 0 32
exp 3 5 14 3 0 1 21
exp 5 39 1 5 16 0 31
exp 7 4 1 1 2 0 31
log 11 78 1 0 32 0 15
log 18446744073709551557 7826494439181584609593152554882945857728 1 0 29 0 -2
exp 2 29 1 2 22 0 26
Log 3 35 4 -5 0 1 33
exp 5 29 6 5 0 1 -2
Log 7 27 1 2 10 0 24
exp 11 10 1 4 11 0 15
Log 18446744073709551557 25 1 4 8 0 11
exp 2 17 1 3 13 0 22
exp 3 22 1 3 26 0 7
log 5 23126 1 0 22 0 18
Log 7 33 1 -2 23 0 4
Log 11 5 1 -4 13 0 8
exp 18446744073709551557 -29 10 1 0 1 1
log 2 253 5 0 0 1 -1
Log 3 2 13 -3 0 1 21
Log 5 7 11 -1 0 1 33
exp 7 19 1 1 41 0 10
log 11 2905 1 0 19 0 -1
exp 18446744073709551557 -33 14 1 0 1 33
log 2 217 1 0 10 0 22
Log 3 4 1 -4 0 0 27
exp 5 31 9 4 0 1 21
Log 7 23 18 -4 0 1 35
Log 11 32 3 -7 0 1 19
exp 18446744073709551557 10 1 2 34 0 9
exp 2 37 5 4 0 1 26
exp 3 37 1 2 16 0 6
Log 5 21 1 -2 1 0 14
Log 7 30 1 -2 31 0 11
Log 11 37 15 -3 0 1 13
log 18446744073709551557 11569600475311907683746399428957398224467 1 0 24 0 32
exp 2 15 1 3 42 0 23
log 3 409 4 0 0 1 -1
log 5 -587 12 0 0 1 36
log 7 13047 13 0 0 1 34
Log 11 19 1 4 9 0 -2
Log 18446744073709551557 1 8 5 0 1 35
exp 2 37 1 3 39 0 14
Log 3 31 1 -6 22 0 8
log 5 3251 1 0 34 0 1
log 7 785 1 0 30 0 35
Log 11 18 1 -7 19 0 29
Log 18446744073709551557 10 1 -6 26 0 8
exp 2 11 7 2 0 1 4
Log 3 31 1 3 21 0 30
log 5 7513 13 0 0 1 31
Log 7 29 1 -6 0 1 10
log 11 18635 1 0 24 0 34
Log 18446744073709551557 18 1 -2 9 0 18
exp 2 9 1 2 36 0 -1
exp 3 1 8 5 0 1 26
Log 5 27 4 2 0 1 12
exp 7 15 13 5 0 1 30
log 11 33276 1 0 28 0 17
exp 18446744073709551557 33 5 2 0 1 10
Log 2 13 7 -2 0 1 1
log 3 1 1 0 2 0 35
Log 5 6 1 -6 -1 0 17
Log 7 9 5 -1 0 1 23
exp 11 26 1 3 5 0 3
Log 18446744073709551557 25 1 2 15 0 31
log 2 57 1 0 12 0 35
log 3 2998 1 0 8 0 24
Log 5 22 1 -7 9 0 31
exp 7 30 1 4 36 0 20
log 11 342 1 0 18 0 2
Log 18446744073709551557 12 1 -6 0 0 30
Log 2 25 3 0 0 1 22
exp 3 23 13 3 0 1 31
Log 5 11 8 2 0 1 29
log 7 13394 17 0 0 1 19
log 11 -102504 17 0 0 1 15
Log 18446744073709551557 -11 18 5 0 1 21
log 2 75 1 0 12 0 -1
exp 3 40 1 2 23 0 29
exp 5 34 1 5 28 0 18
log 7 10309 19 0 0 1 7
exp 11 35 1 2 14 0 6
exp 18446744073709551557 23 1 4 21 0 18
Log 2 -21 11 -2 0 1 24
exp 3 20 1 5 28 0 36
log 5 226 1 0 5 0 4
log 7 21610 1 0 20 0 2
Log 11 23 1 2 23 0 9
log 18446744073709551557 2200049695509007684901324533691193839208062729687688429039918564057981260466020 1 0 19 0 14
Log 2 15 1 4 32 0 35
Log 3 -13 5 -5 0 1 3
Log 5 19 1 -4 9 0 2
Log 7 16 1 -7 20 0 6
exp 11 30 13 4 0 1 17
Log 18446744073709551557 12 13 3 0 1 29
log 2 63 1 0 27 0 -1
Log 3 34 1 -6 12 0 11
Log 5 22 1 -5 5 0 28
exp 7 37 4 2 0 1 30
log 11 58565 1 0 18 0 23
exp 18446744073709551557 30 17 4 0 1 3
exp 2 -35 19 5 0 1 9
Log 3 31 16 0 0 1 4
log 5 6876 1 0 35 0 31
log 7 253 1 0 11 0 2
log 11 4738 19 0 0 1 5
Log 18446744073709551557 14 1 -1 10 0 9
exp 2 31 1 4 11 0 12
log 3 475 16 0 0 1 -2
exp 5 36 1 1 10 0 30
log 7 1079 1 0 33 0 36
exp 11 5 1 2 33 0 22
exp 18446744073709551557 28 1 1 0 1 26
exp 2 37 11 5 0 1 7
exp 3 22 13 3 0 1 4
log 5 426 1 0 4 0 25
exp 7 15 1 1 23 0 34
exp 11 34 1 1 23 0 13
exp 18446744073709551557 10 1 1 41 0 0
log 2 153 1 0 33 0 33
log 3 1621 1 0 18 0 27
log 5 23126 1 0 33 0 17
log 7 225 1 0 25 0 -1
exp 11 17 5 3 0 1 16
Log 18446744073709551557 11 1 -5 1 0 13
exp 2 37 1 4 11 0 8
exp 3 -7 16 5 0 1 27
exp 5 29 1 4 20 0 32
Log 7 25 1 -1 11 0 26
log 11 85 8 0 0 1 12
Log 18446744073709551557 10 9 0 0 1 23
Log 2 13 1 -7 14 0 17
Log 3 10 1 0 30 0 15
Log 5 34 7 1 0 1 17
log 7 176 1 0 35 0 17
exp 11 15 1 4 15 0 35
log 18446744073709551557 10889035741470030761173081815489315975969 1 0 34 0 0
exp 2 29 1 2 34 0 33
log 3 107 2 0 0 1 17
Log 5 21 1 2 11 0 18
log 7 265 13 0 0 1 32
Log 11 37 1 0 14 0 29
exp 18446744073709551557 23 1 3 11 0 -1
log 2 281 1 0 13 0 0
exp 3 16 1 1 15 0 16
log 5 3761 11 0 0 1 29
Log 7 11 13 -1 0 1 26
exp 11 7 10 1 0 1 -2
log 18446744073709551557 7826494439181584609593152554882945857739 12 0 0 1 3
Log 2 5 9 5 0 1 16
exp 3 5 1 2 28 0 16
log 5 89 14 0 0 1 32
log 7 274 15 0 0 1 28
exp 11 9 1 5 12 0 18
exp 18446744073709551557 -18 11 4 0 1 4
Log 2 11 1 -7 29 0 20
exp 3 2 1 2 19 0 2
exp 5 -36 1 3 0 1 24
log 7 183 1 0 29 0 2
Log 11 17 5 1 0 1 5
Log 18446744073709551557 5 1 3 9 0 29
Log 2 37 1 -4 33 0 1
exp 3 10 1 4 29 0 23
Log 5 36 1 1 41 0 35
exp 7 31 9 1 0 1 6
exp 11 12 17 2 0 1 15
log 18446744073709551557 347376267711948581826524926372293764085483588898056067743145036430207567442019 16 0 0 1 36
exp 2 11 7 2 0 1 8
exp 3 4 1 5 15 0 28
log 5 156 1 0 0 1 35
Log 7 3 1 -5 -4 0 0
exp 11 20 1 2 37 0 28
Log 18446744073709551557 31 13 0 0 1 35
Log 2 13 9 0 0 1 11
exp 3 -23 10 1 0 1 3
Log 5 23 14 -2 0 1 35
exp 7 24 1 5 45 0 19
log 11 424605 16 0 0 1 3
exp 18446744073709551557 35 12 2 0 1 17
Log 2 37 1 -5 34 0 16
log 3 1 1 0 1 0 -2
log 5 1376 1 0 26 0 31
exp 7 8 5 5 0 1 23
log 11 78 1 0 22 0 27
Log 18446744073709551557 30 1 3 10 0 15
exp 2 3 13 3 0 1 5
Log 3 29 19 -6 0 1 15
Log 5 31 8 5 0 1 13
log 7 13396 19 0 0 1 21
log 11 248898 1 0 31 0 30
log 18446744073709551557 81602322560026849146875536216620261484417177780268809274011 2 0 0 1 36
Log 2 17 1 -7 3 0 30
log 3 1 1 0 1 0 1
exp 5 16 3 5 0 1 1
log 7 9948 1 0 6 0 17
log 11 278186 7 0 0 1 9
log 18446744073709551557 7486212072260646148306493748148904733479 1 0 12 0 11
exp 2 -7 5 2 0 1 9
log 3 127 4 0 0 1 12
Log 5 3 1 -5 20 0 10
log 7 81635 1 0 31 0 9
Log 11 -5 12 -6 0 1 35
log 18446744073709551557 1273712981610478133363924730031743801646773159292872248391531800244094413954015 4 0 0 1 1
Log 2 15 7 -2 0 1 26
Log 3 25 1 5 18 0 3
exp 5 39 2 5 0 1 17
log 7 38417 1 0 30 0 31
log 11 2306 7 0 0 1 30
Log 18446744073709551557 10 19 -4 0 1 -1
log 2 -127 19 0 0 1 2
exp 3 -37 14 5 0 1 32
log 5 126 1 0 27 0 24
exp 7 5 1 1 20 0 19
Log 11 20 1 -5 9 0 4
exp 18446744073709551557 25 16 1 0 1 25
exp 2 39 1 2 23 0 9
log 3 86 11 0 0 1 25
log 5 81 1 0 39 0 22
exp 7 11 1 2 10 0 26
Log 11 34 15 -3 0 1 7
log 18446744073709551557 182035950326213740404568503867845198696007550432907343765102 5 0 0 1 20
exp 2 35 13 2 0 1 17
log 3 2837 2 0 0 1 6
log 5 151 1 0 19 0 21
exp 7 30 19 2 0 1 21
exp 11 1 1 3 4 0 33
log 18446744073709551557 1273712981610478133363924730031743801646773159292872248391531800244094413954012 1 0 0 1 28
Log 2 27 13 -3 0 1 19
log 3 1783 1 0 29 0 16
exp 5 -11 12 4 0 1 15
exp 7 39 1 3 26 0 25
Log 11 24 1 -5 30 0 7
log 18446744073709551557 3743106036130323074153246874074452366747 8 0 0 1 19
Log 2 7 1 4 8 0 26
log 3 263 11 0 0 1 23
log 5 794 19 0 0 1 4
exp 7 8 3 4 0 1 27
log 11 3521 12 0 0 1 4
log 18446744073709551557 2663218052458272460670024435520918857988707514885096519364111945964924683722024 1 0 20 0 22
Log 2 19 5 3 0 1 16
log 3 703 1 0 20 0 17
Log 5 28 1 0 16 0 27
exp 7 9 1 4 33 0 23
exp 11 -17 12 1 0 1 6
Log 18446744073709551557 27 1 3 20 0 1
log 2 63 19 0 0 1 34
log 3 1027 1 0 7 0 21
log 5 2386 11 0 0 1 -2
Log 7 27 8 2 0 1 16
log 11 364 1 0 20 0 3
exp 18446744073709551557 37 13 5 0 1 27
exp 2 13 9 4 0 1 10
Log 3 31 19 -2 0 1 35
exp 5 37 12 5 0 1 16
Log 7 18 1 -5 2 0 16
exp 11 21 19 5 0 1 2
log 18446744073709551557 94156526030800210554087157173023378635865974361848626085402 7 0 0 1 3
log 2 35 1 0 33 0 6
exp 3 -40 13 1 0 1 17
Log 5 29 1 -7 21 0 36
log 7 208 5 0 0 1 19
Log 11 7 1 -2 0 1 12
exp 18446744073709551557 37 1 3 17 0 36
log 2 65 3 0 0 1 34
log 3 31 1 0 19 0 31
Log 5 23 4 -3 0 1 3
Log 7 38 1 -2 15 0 32
Log 11 21 5 4 0 1 5
log 18446744073709551557 4083388403051261535439905680808493490989 1 0 9 0 27
log 2 79 11 0 0 1 35
Log 3 19 7 5 0 1 24
exp 5 23 14 5 0 1 6
Log 7 27 1 -2 16 0 17
Log 11 24 1 -4 16 0 13
log 18446744073709551557 313594649253062376471 2 0 0 1 3
log 2 473 9 0 0 1 32
log 3 -271 10 0 0 1 22
exp 5 39 1 2 39 0 30
exp 7 29 1 5 16 0 34
exp 11 21 1 2 35 0 11
Log 18446744073709551557 16 3 3 0 1 9
exp 2 17 1 5 31 0 16
Log 3 1 1 3 5 0 18
exp 5 7 1 5 24 0 34
Log 7 3 1 1 2 0 27
log 11 1106 17 0 0 1 23
exp 18446744073709551557 14 17 2 0 1 36
exp 2 27 19 4 0 1 17
Log 3 37 7 3 0 1 33
exp 5 8 7 1 0 1 12
exp 7 -39 1 2 0 1 7
exp 11 -28 9 4 0 1 14
Log 18446744073709551557 5 1 -2 26 0 20
exp 2 35 1 3 16 0 16
Log 3 10 1 5 40 0 29
log 5 121 1 0 14 0 29
Log 7 12 1 -2 10 0 14
log 11 421 14 0 0 1 20
Log 18446744073709551557 39 1 -7 -1 0 5
Log 2 -31 1 3 0 1 4
Log 3 31 8 -1 0 1 13
exp 5 37 16 3 0 1 31
exp 7 22 1 5 36 0 2
Log 11 5 1 -1 14 0 14
exp 18446744073709551557 10 1 3 22 0 25
exp 2 1 1 2 3 0 9
Log 3 -29 10 -6 0 1 10
Log 5 39 2 -2 0 1 -2
log 7 1437 16 0 0 1 0
log 11 277 2 0 0 1 23
exp 18446744073709551557 19 1 1 21 0 32
Log 2 27 1 -4 6 0 11
log 3 325 1 0 25 0 27
Log 5 13 1 -3 0 0 -1
log 7 69630 1 0 0 1 17
Log 11 37 4 -5 0 1 -1
Log 18446744073709551557 28 1 -1 11 0 5
log 2 7 1 0 5 0 21
Log 3 26 1 -4 20 0 15
Log 5 28 1 -4 0 0 21
Log 7 9 16 -3 0 1 -2
Log 11 19 1 -6 19 0 -2
log 18446744073709551557 5104235503814076919299882101010616863736 1 0 34 0 20
log 2 83 3 0 0 1 21
Log 3 25 1 5 13 0 23
log 5 1 1 0 2 0 10
Log 7 15 2 -4 0 1 13
Log 11 23 1 5 12 0 25
exp 18446744073709551557 2 5 4 0 1 33
Log 2 33 7 1 0 1 34
exp 3 34 1 4 12 0 17
exp 5 26 1 5 13 0 32
log 7 -1825 12 0 0 1 11
log 11 -223 14 0 0 1 27
exp 18446744073709551557 28 1 5 15 0 6
Log 2 5 17 4 0 1 14
log 3 599 5 0 0 1 8
Log 5 26 9 -2 0 1 1
exp 7 11 3 3 0 1 36
log 11 4243 8 0 0 1 34
log 18446744073709551557 188313052061600421108174314346046757271731948723697252170791 1 0 11 0 23
log 2 51 1 0 0 1 30
Log 3 26 1 -7 8 0 11
exp 5 32 7 5 0 1 10
log 7 79249 16 0 0 1 25
log 11 241 10 0 0 1 1
Log 18446744073709551557 27 1 4 13 0 25
log 2 25 1 0 7 0 24
exp 3 25 1 4 40 0 8
exp 5 36 1 4 19 0 34
Log 7 17 6 -7 0 1 12
exp 11 16 1 1 9 0 31
Log 18446744073709551557 15 14 -7 0 1 19
exp 2 27 1 5 28 0 8
Log 3 11 1 -7 14 0 33
log 5 1 1 0 1 0 24
log 7 359 16 0 0 1 19
log 11 3887 15 0 0 1 7
log 18446744073709551557 43939712147706764925240673347410910030070788035529358839862 11 0 0 1 16
log 2 23 5 0 0 1 21
log 3 280 1 0 17 0 20
Log 5 17 4 -7 0 1 7
exp 7 3 1 1 3 0 1
exp 11 29 1 1 0 1 22
Log 18446744073709551557 10 1 -4 -1 0 7
exp 2 39 1 3 16 0 -2
log 3 307 1 0 17 0 2
Log 5 -31 6 -7 0 1 22
log 7 -197 15 0 0 1 30
log 11 190341 8 0 0 1 0
Log 18446744073709551557 29 18 -1 0 1 5
log 2 -571 11 0 0 1 32
exp 3 8 1 2 33 0 15
Log 5 22 7 -3 0 1 18
exp 7 26 1 2 15 0 32
Log 11 9 13 2 0 1 8
log 18446744073709551557 461168601842738788926 1 0 13 0 2
Log 2 23 1 -5 7 0 -2
Log 3 8 1 2 30 0 15
Log 5 16 7 -1 0 1 18
exp 7 33 1 4 22 0 28
Log 11 25 1 3 26 0 23
exp 18446744073709551557 14 1 4 32 0 30
log 2 15 1 0 30 0 21
Log 3 34 1 3 13 0 15
Log 5 27 1 3 9 0 24
Log 7 -3 4 -1 0 1 32
log 11 279 4 0 0 1 16
exp 18446744073709551557 23 18 1 0 1 4
exp 2 -1 1 3 0 1 1
Log 3 23 14 -4 0 1 21
