mul 2 64 -148755563 1 595022251 -1 -1 170 1073741823 140
mul 0 2 101 -2 847249408 -27 -35 -20 587202560 -50
mul 0 300 3 -585 603979776 -613 -3 -140 0 0
mul 1 1 7 -93 700086136 -120 1 -5 1073741823 -35
mul 0 3 -3 16 1058855952 -14 -227 -15 951177216 -37
mul 3 64 -275589556412487609804395500607353941649135194643575 -14 790903238 124 -12313300793005336171 -4 0 0
rat 0 3 51 22
inv 1 3 1 -12 805306368 -42
mul 0 300 1 114 1073741823 84 3 -1 0 0
mul 0 2 -3 20 805306367 -8 6529342879565 53 772131459 66
mul 3 64 -1 -9 0 0 1 10 0 0
mul 0 3 -1 -11 912554297 -44 463 -6 0 0
inv 0 1 -1 20 805306368 -11
rat 0 300 11 27
rat 0 1 -45 90
inv 0 300 1 -6 858110796 -36
mul 1 3 -7 19 939524095 -8 514094325 0 1028188650 -7
rat 0 2 -44 66
mul 3 2 1 2 536870912 -28 11121548863973 -14 678805472 0
mul 1 64 1 -6 939524096 -36 673 -12 705691647 -32
rat 0 64 24 96
rat 0 2 -30 48
mul 2 3 5 -7 0 0 -19 3 637534208 -27
mul 1 1 5 -8 692107948 -36 7 -2 939524095 -29
mul 1 3 -67 6 843055104 -21 -127 4 1019396852 -19
rat 0 300 -53 26
rat 0 3 94 93
rat 0 3 33 99
rat 0 3 -24 49
mul 0 64 169 -222 0 0 -9537249 -17 610383936 -24
mul 2 3 -239382225 -8 957528899 -10 -500866149 -4 751299223 -9
inv 1 64 -3 5 805306366 -23
rat 0 300 83 92
mul 3 3 -1 12 536870912 -21 -1 15 758310703 -16
mul 2 2 -1 -20 712017113 -55 1 -1 1073741823 -31
mul 0 1 -1 -9 805306368 -41 -154200381 -15 574095890 -17
mul 0 2 -1 -16 0 0 5 14 671088639 -13
mul 2 64 -166818213089421134940635655242630824402223258794987 3 957489585 138 -3 233 603979776 205
rat 0 64 -34 8
rat 0 1 -59 53
mul 0 2 -1 15 1073741823 -15 -1 4 536870912 -31
mul 3 3 1015 -13 798228480 -33 -66428409555123 0 1013617087 16
mul 0 1 -14982299168111 19 619912216 33 -3 12 0 0
mul 1 1 779 -6 816840704 -30 873 -9 688305173 -33
mul 0 300 -1 12 689011458 -18 3 12 873713352 -17
mul 0 300 1 1 0 0 1 15 0 0
inv 0 300 -1 8 0 0
inv 1 3 393 -105 618135552 -126
mul 1 1 10354983334413 2 1057055279 14 3 -14 968390011 -44
mul 1 64 55851930735614941955499063546764891931209019413613 11 0 0 3 146 0 0
rat 0 2 37 46
mul 1 3 32709412155793 13 998212039 28 5 9 587202560 -18
inv 1 300 -5 -517 1006632960 -551
inv 1 1 8653163 -15 553802431 -21
mul 1 64 2686136766434879857 16 938122428 47 -6523784794995765757 -11 759468506 22
mul 1 64 93077355801766674878908292157933306431351722595565 170 605643273 303 -7822313859868406789 18 718696876 50
rat 0 300 3 88
mul 1 64 5101548976596283861 8 0 0 -840713537 -7 945113003 -8
rat 0 3 8 87
mul 3 1 33 20 1065749301 -7 459194707 -15 924538845 -17
mul 1 2 -1 14 647576400 -16 3 -15 0 0
inv 1 64 643 -14 653164544 -34
rat 0 1 -88 16
rat 0 2 80 33
mul 3 2 1 15 0 0 3 89 885468556 60
rat 0 64 -12 50
inv 1 2 -892594157 10 892594156 10
mul 1 2 -1004275207 4 0 0 -1 25 1023602595 -7
rat 0 3 -95 20
mul 2 64 7 -3 939524096 -31 2832191744053975951 -18 659421026 11
rat 0 1 -71 93
inv 0 3 -779195155 -6 1063471461 -8
inv 0 300 71147963 816 569183704 810
rat 0 300 -35 70
inv 0 2 -1 7 1072693248 -23
mul 2 3 -367 -1 0 0 56246389499205 20 858251792 36
rat 0 1 86 54
mul 2 3 -3 -9 805306367 -37 1 -76 1072693248 -106
rat 0 64 -75 49
inv 0 2 15600217005277 -19 952161680 -5
rat 0 3 -10 60
mul 3 300 750911559912396407755437552545699961680532591346315576207767963560105736002489627452854331 12 605859161 281 -12359845266334465476150722700800258908273529263248142094983347477422218061152161562653308437 -17 814374595 256
rat 0 64 8 72
mul 0 300 7 1 910163968 -26 -89 -3 656357811 -28
inv 0 3 -145562179 -17 582248715 -19
rat 0 3 -21 73
inv 0 64 143884294630508264623763437921151451595401488317381 274 619391511 411
inv 0 3 -95 -17 785515904 -42
mul 1 300 -525 -20 825753600 -46 4189538733488584631250780978919243082928128059773040728081721579945181437709229001129997479365700063588568114958971150560716494793702366976828497023904780520760408134193901759058401847490107485 9 0 0
rat 0 3 -23 53
inv 1 2 -543 11 0 0
mul 0 300 -425851691 -986 0 0 564042392736365083756408155565365851408812277256819932517042936294975185372352540160129146350711575155355643966218760568415565026110312893327116564222271927427607985045982489674026174705366081 11 1061950755 618
inv 1 1 -1 -62 1073741823 -92
inv 0 3 1 -12 968913438 -42
rat 0 300 -2 30
inv 0 300 -1 -17 0 0
mul 0 300 429301597 163 728018219 161 -335494198172348044832553602173047637324070628489420999864928059983325337204456998401033049 788 888896426 1054
mul 3 3 7 -15 0 0 -650220663 -83 975330994 -87
inv 1 1 471 6 987758592 -16
rat 0 2 -59 66
inv 0 300 -1 18 1073741823 -12
mul 0 300 796202140757627797962180247985840519632306646723863690583750731713234678923105883818514317534464493565990547977034784659890045693406281903452379625591931045487407263944547287348551826904645493 15 655834154 623 -7 -15 822083584 -42
rat 0 64 -89 16
mul 2 3 -147 -8 616562687 -30 -407583887 20 961658316 16
mul 1 300 3 4 935382657 -25 3 11 780140544 -17
rat 0 64 -39 81
mul 2 2 3 -75 805306367 -103 85 -5 713031680 -29
mul 1 300 -731247985 -996 731247984 -996 -1 -60 1073741823 -90
mul 1 1 1 0 1073741823 -30 -9259199254325 3 556710787 17
mul 1 2 -1 19 968857260 -12 3 -20 805306368 -53
inv 1 3 5145279174579 -20 942128755 -8
rat 0 300 -34 70
rat 0 3 34 66
inv 1 2 -107693363 -33 646160178 -36
mul 2 1 3 -85 0 0 1 64 804065852 34
mul 2 300 855766471548158062019103116225368995293785692558047186365250759297247120317537376055395615 -479 902165953 -210 -1 -110 0 0
mul 0 300 -1 7 0 0 -1524701041573708600461855661463799796253062851260550006936324458690484392509196352814669365 5 703224383 275
mul 1 3 -141 -9 778768585 -32 -3 3 805306368 -33
mul 0 3 10229800901675 -15 546330309 -1 -7 14 0 0
rat 0 64 7 50
mul 2 300 -1 -20 0 0 247 12 0 0
rat 0 64 25 56
inv 1 64 -21763064963535103815 -12 950082829 22
inv 0 64 -5857739081263095737 9 918325398 38
mul 1 300 459 6 962592767 -15 -3 -18 839150399 -47
mul 2 64 -418263746198019792333 -7 760817321 32 -653706669 9 653706669 3
mul 0 64 7 -17 875903845 -46 7 -10 743032241 -37
mul 0 300 -7 -18 939524096 -46 160222599 18 649556633 12
rat 0 64 45 92
mul 1 1 -14843745884699 1 905990348 15 1 7 0 0
rat 0 64 -31 11
inv 1 300 31322500193526183193934500508691042231189258488506277997307726941312749879193618148062188673 -20 0 0
mul 1 64 18825132358358625537 2 547883460 36 -8314656442738148569 9 937704861 42
rat 0 300 -84 44
mul 3 3 -3 12 0 0 -49 -9 749782467 -35
inv 1 2 -187 0 736058602 -22
rat 0 300 84 10
mul 3 3 7 13 0 0 812182075 10 772117302 10
mul 3 1 5 16 814352692 -13 115 57 964689920 29
rat 0 3 -57 4
mul 0 3 -1 20 536870912 -10 -3 -12 828447209 -41
mul 2 1 808511523 -2 783245537 -2 -1 -9 1073741823 -39
inv 0 2 321 -16 673185791 -37
rat 0 2 48 74
mul 1 64 -3776363802279588671 1 878394569 33 477221922877771853489 11 867213904 50
rat 0 2 32 25
rat 0 2 -57 62
rat 0 3 -55 94
rat 0 1 -71 12
rat 0 300 -51 26
rat 0 1 12 25
mul 3 1 -823 -15 862978047 -35 300761779 -7 601523558 -13
mul 0 2 111 -1 931135487 -24 1 -3 795073839 -36
inv 0 64 -13601173117440767749 -12 774136854 22
mul 2 64 164616869 20 0 0 1 -6 604237608 -36
rat 0 64 87 85
mul 2 1 -87 -101 772481488 -125 -206110481 70 824441923 68
rat 0 1 -76 54
mul 2 1 -279 15 585105407 -6 -6028263665509 -43 712876028 -30
mul 3 300 -447 -676 821530118 -697 3 198 603979776 168
rat 0 300 10 38
mul 1 64 -1 -143 1073741823 -173 -1 5 677627894 -25
mul 0 1 5 8 671088640 -26 1 -12 826603415 -43
rat 0 3 43 5
mul 3 3 -1706621 15 865506853 6 909587817 3 909587817 2
inv 1 2 -1 -97 1072693248 -127
mul 1 300 -278792577280247418941169224198998394211130646176269921849782989306052596443235988593245071 -10 881725960 257 557804817 17 557804816 17
mul 1 3 151 -3 633339903 -25 -143627051 -9 574508203 -11
mul 1 2 91 -8 970295627 -33 -551 -1 975937991 -24
rat 0 2 55 39
mul 1 2 -739 -7 774897664 -32 774694437 -9 774694436 -9
mul 0 3 16923914669037 -8 1032953775 6 -1 -1 858525820 -32
inv 1 1 -3 17 1045554728 -13
rat 0 300 -81 29
rat 0 2 22 97
rat 0 1 -71 36
mul 0 64 51265097171116867191390975978593554299881722673677 -276 540000538 -141 91288887292651022730379459444680099090750465230345 -19 0 0
mul 3 1 5 19 671088639 -8 937 -104 951812096 -124
mul 1 64 -10245331271954304189 3 894535152 35 103419541 3 997869278 -3
rat 0 1 -59 18
rat 0 1 16 79
inv 1 64 -1 97 0 0
inv 0 2 1 2 645600204 -28
rat 0 1 35 43
rat 0 64 84 74
inv 0 300 1 20 1040187392 -10
mul 0 3 -1 -1 1073741823 -31 -45 -2 660602880 -26
mul 0 3 -1 5 805306368 -25 -1 -12 690787932 -44
mul 3 2 -1 3 0 0 49 -38 822083582 -62
mul 0 3 387303671 -7 0 0 -3 17 805306367 -11
rat 0 3 99 23
rat 0 300 -91 8
rat 0 300 99 83
rat 0 64 88 95
rat 0 300 2 28
rat 0 64 83 57
mul 3 300 1850082191038384383074589048770059543501104212301694127382284211520847630376443189997459523 782 909482054 1052 305640789 916 1026794266 914
rat 0 300 -31 88
rat 0 300 -91 69
inv 0 300 985 13 703647421 -8
mul 2 3 -755 -3 700453701 -24 3 -20 1069117454 -49
mul 2 300 -277 300 562757632 279 -812416323 -2 812416322 -2
rat 0 2 53 63
inv 1 300 -1 4 1073741823 -26
inv 1 1 1 -8 1073741823 -38
inv 1 2 11 10 737476608 -16
mul 1 64 -144886915534208905206692889919851953522947408370961 15 0 0 68993791316031422793850686818044518346127658550427 -277 548722155 -142
inv 1 1 -5 16 642192979 -14
mul 0 3 397 2 832569343 -19 -207 -1 0 0
mul 1 64 -356073187945867901125571323705809908717975498593911 12 1021879933 149 -1 2 536870912 -28
mul 2 2 -61 -20 1023410175 -44 -15848895247155 18 966395130 32
mul 0 2 41 13 687865855 -11 -951 -61 997195776 -84
mul 1 2 -888363279 18 0 0 1 -3 536870912 -34
mul 3 1 356964425 27 713928850 25 -8272164074407 33 1009785653 46
inv 0 3 -3 -100 797619488 -128
mul 1 64 -1071982043 -15 937984287 -15 -1 3 536870912 -27
mul 1 3 -197 17 825470976 -5 -1 -10 805306368 -46
inv 1 64 -11016865118730839545 -1 561107705 33
mul 0 3 -42878374189839 -2 966555770 10 -44821741411837 106 0 0
mul 2 3 -769490135 77 0 0 249 39 1044381696 15
mul 3 3 3 8 805306367 -20 -543 -89 569376767 -109
inv 0 2 553 -100 0 0
mul 2 3 -1 11 536870912 -22 -79 -12 579862528 -35
rat 0 64 -98 59
rat 0 300 29 71
rat 0 2 -8 16
mul 0 300 414733329 -7 829466656 -8 -3551031867074838496204973862714195631960118651060274666491888099152994617508949193714548906720694449674427005181421409021685851254536542726118014641629659116286937272293380577341796888690000913 6 0 0
mul 0 2 -21 94 703954944 69 1 44 644311706 14
inv 1 64 -3 -229 805306368 -258
rat 0 1 71 16
mul 0 2 -1 10 877431896 -21 1 105 1057276654 74
mul 0 3 85 -12 746561628 -36 -3 3 603979776 -25
inv 0 1 -759 16 795869184 -5
inv 1 300 3 -17 713480420 -46
rat 0 64 -5 45
mul 1 3 81318159 10 975817908 6 717 -1 751828991 -21
rat 0 64 -87 31
mul 1 300 961 15 824509093 -5 -1 -287 1072693248 -317
mul 3 3 18486123546731 -5 563600790 10 7 17 939524094 -10
mul 2 3 -2488547079213 6 0 0 -49 -12 592760664 -36
mul 3 64 -202560571727656184573369475854656397232801001826187 -48 581320331 90 3 6 577227102 -27
mul 2 3 -1 -10 635755588 -40 -7 16 939524094 -11
mul 0 2 1 36 952898484 3 -641 27 672137215 7
mul 1 1 1 -9 826908258 -39 -629 -10 638943232 -30
inv 1 64 7 -18 938606592 -45
rat 0 64 -17 18
mul 1 3 1 97 827406386 67 124362945 -12 994903560 -16
mul 1 2 -915 12 606649315 -9 -1049661615 23 0 0
mul 3 1 7 8 819938732 -19 -16129098385027 4 738331530 13
mul 2 3 -3 -83 704643072 -111 -545972925 86 545439748 86
mul 3 300 -3945650032474998776517405568159614199103131498747067058820614144032784864380873885524430305075797475563384188089383722165674974683869056981332461588014855627617624690661878527598962666824759097 19 928584022 625 22053205821551830997654446322451302011628448529828341940108546160547388308485084432555709827 -13 805530916 260
mul 2 2 3 18 805306367 -10 -5 -91 0 0
rat 0 3 47 64
inv 1 3 7376205289021 2 874811634 15
mul 2 3 7 -16 938606592 -43 1 -2 1019042008 -32
rat 0 3 74 18
rat 0 1 -73 1
rat 0 1 99 79
inv 1 2 -175296777 -2 701187107 -4
rat 0 3 -75 9
mul 1 300 -1 -3 1073741823 -33 -556319070403981505432490913145171306038066419571752135771346319164335418942533487039290521 -4 586482574 265
inv 0 64 183231889089873383626768224497162141333506290713407 -3 1051699463 134
rat 0 300 45 87
inv 0 2 3 101 603979776 73
mul 3 300 -42913945215157320286211064481855011202849942481666937546458175883544875069304475909263217935 691 810014867 965 930406861 11 930406861 10
mul 0 3 3 2 805306367 -26 8019068024721 -16 734167604 -9
inv 0 2 -901 79 826671104 59
mul 0 300 1 16 719866391 -14 -2905295952861548661582016518006933178949611955421388876850387503425332605776578396309752803 5 0 0
rat 0 300 64 99
inv 0 64 -1 -15 1073741822 -45
mul 3 300 -14200304491153587246570421193787133251090682735453389358900110690069232820189121258070704043 17 610002529 290 4076241017987962141362776731245596288689351822362538569778499661282940263864611396928688296229122065593602435672033758384042097227665983951792497179496035129177220634579351896991773635338012121 126 959317793 735
mul 0 3 -45030671 -12 0 0 5 11 671088639 -16
mul 3 2 -3 -4 805306367 -32 -189 -10 685681494 -32
mul 0 1 -43 -20 721420286 -44 162592067 20 650368268 10
mul 0 3 1 7 536870912 -25 711 0 765895730 -21
mul 3 300 -3 -223 805306367 -251 523429208315031346574478918759750837848794380502707294496566704920328729639919393708194979 11 551809432 275
inv 0 1 -1 4 1073741823 -26
mul 1 300 -1 -17 628242771 -47 -255642941 554 0 0
inv 1 1 395 14 655740909 -8
mul 0 2 -23 -17 771751935 -42 -1 -15 1026814055 -45
mul 2 2 390911420093 -42 763498867 -34 -125 63 1048575999 40
mul 3 1 -7 -3 839886322 -32 -659 19 691011582 -1
rat 0 64 -29 5
rat 0 2 -94 44
rat 0 1 21 62
mul 1 64 -527641591564464119567 11 0 0 3 112 0 0
rat 0 2 -95 32
rat 0 2 -87 9
mul 1 300 -2324668825565593949700993310046509498935823855043612218644649587159626019510721956971639448478332950839639870606439709684906733411107963858091528443146914999309491543043200230229493866178917241 -610 874515363 -4 1069720627058600274714322711194626074113995518544087860431164077572581077011795427595746869067070015120137725965231984455066381156513129060281049447566623311914804403185169335212574685886230427 -16 975539192 592
mul 1 300 1 7 706849002 -25 87054495 -230 947641746 -239
rat 0 2 48 99
inv 1 64 -1 7 0 0
inv 1 300 -903941787 8 857539074 4
mul 1 64 250893815768283763413 -88 912746384 -51 35 -208 587202560 -233
rat 0 64 4 72
rat 0 3 34 75
mul 3 1 1 -5 739785366 -35 -1 17 0 0
rat 0 2 -12 43
mul 1 64 609 -95 638582783 -115 3 -43 603979776 -76
mul 0 1 -3 1 805306367 -27 -3 -2 804519936 -30
mul 1 3 149 6 608324829 -16 -22403855713779 103 683711417 117
inv 1 3 -1 74 0 0
mul 3 300 533 -3 0 0 -1 14 536870912 -16
inv 1 3 615578843 -15 615578842 -15
inv 0 300 611649129 -616 0 0
mul 3 2 -7 77 939524095 50 -3 -58 801431724 -92
rat 0 64 98 23
inv 0 300 -1 -12 975021854 -46
rat 0 2 -50 74
mul 1 3 -1 -46 0 0 -5 17 671088639 -10
rat 0 1 -63 27
mul 1 2 -3 -25 805306368 -56 -3 3 780140544 -25
rat 0 2 -11 96
inv 0 64 -557415595 -11 0 0
inv 0 64 -1 -231 816513785 -263
mul 2 300 961 14 758058546 -10 -37348261 14 0 0
mul 0 300 -1 53 865466361 23 1 5 1040187392 -25
inv 0 3 277 -15 580911102 -36
inv 1 3 539 -54 847773696 -75
rat 0 1 -1 65
mul 0 300 -865389778099036814522403108878112160064542810691387469411208010246296562361407414485261755 -797 912311032 -528 -273 -690 838413803 -714
rat 0 3 -90 8
inv 0 2 -3 -20 780140544 -48
mul 3 64 7042578138140587101 73 722321518 106 1 -3 1073741823 -33
rat 0 2 -41 89
mul 2 300 1882917290755362497129879945828933967649237620790416932172338022446618704148035078778763187 -4 883594875 266 -1 675 0 0
rat 0 2 -55 18
mul 0 64 -321326991713422782707 1 584490392 40 -11998381237714743359 151 0 0
inv 1 2 -1 20 805306368 -10
mul 1 64 5 -13 671088639 -40 -920755207 -218 920755207 -220
inv 0 300 -1179017531226331204493708016265819682804567974709939741690596483114220908577350606292626603 -11 602050815 259
mul 0 300 -7 15 939524096 -19 3667333663578181636966129612214753851828774889225601100031762138745074239644865290534649943559043232638623906687790105697327036494021273576280384369418727637933145173530547026414074845091638725 -5 812796807 605
rat 0 3 10 15
mul 3 1 7 -12 910163968 -39 -1 -9 982966986 -39
mul 1 1 -3 -7 804519936 -35 -3 7 0 0
rat 0 1 -24 59
inv 0 300 9643405 -7 925766880 -14
mul 3 64 -1 -6 659385978 -38 -1 -10 1013338244 -42
inv 0 2 1 2 1073741823 -28
rat 0 3 18 86
rat 0 3 -89 32
mul 2 2 -3 -19 0 0 3 -3 805306366 -31
mul 2 300 1 15 805306368 -15 -1 18 939524096 -12
rat 0 300 58 59
mul 2 64 -3 15 766440956 -13 -371508560219732055571711540607914371553225762237013 -159 1066177279 -21
rat 0 3 0 14
mul 1 2 619385823 -8 541962595 -8 -347 18 727711744 -4
mul 1 64 -184119288952512300649 3 698065490 38 25 -19 832365979 -45
mul 1 64 -1 -10 1040187392 -40 604134315 1 0 0
inv 0 300 61 -14 932018449 -39
mul 0 64 -339 4 710934527 -17 31475951043768106249 18 916070741 53
mul 2 1 3 -19 873706103 -48 -1 -14 625599505 -44
mul 3 300 3 -13 805306367 -41 -1 -779 719380623 -819
mul 3 300 -721 -667 756023296 -688 -37916249638178343829459334747429674157220537756229442648005888856016174516447558008448653277 4 624563450 279
rat 0 300 -45 82
rat 0 64 -9 45
mul 2 300 -1010880234670742788447340286468494947012113107354079515694445135213712392271434425264624821 -4 1065689953 265 26687963676028362851277602589159630794385337032547959355125586078199559019301111887561274349294080829095770821607138911586048895341353983838327336066386869285005481092227252046509849207758291 54 803948172 654
rat 0 64 -17 39
rat 0 300 77 37
mul 1 300 -1566292940906500790982318995476875404745886881870184959878360326093954493964762672793389778335107280616072783302703548222230475685574086324518725562571145051394538274698319668137502154115558699 4 736514511 613 1 233 1073741823 203
inv 1 300 -1 19 1073741823 -11
rat 0 300 83 9
mul 0 2 -5 6 727266097 -23 3 5 804519936 -23
inv 1 3 819253613 -10 793651937 -10
mul 0 1 7 -23 822083584 -50 -1 -19 1073741823 -49
rat 0 3 -50 38
rat 0 64 -7 78
mul 0 3 31398775059519 -15 0 0 5 -35 671088640 -63
rat 0 1 -59 52
inv 1 64 -5920027001830465201 -14 0 0
mul 3 300 1726852275791567280870693523135573488310248042345426622306857033718493060872789451479483377 3 0 0 809962313 3 809962313 2
inv 1 300 -34598995958450747750358312280484023440598703670629916999203887557307356883729009452957904125 261 0 0
inv 1 300 -1886506889719269702737882204322093754812201127420144333664842877894713800095424170824897839 18 994396452 287
mul 2 1 -5 16 671088640 -15 1 -17 0 0
inv 1 3 -5 105 671088638 78
inv 0 300 -1977726138782208839878716216235354712593183347819718934585580439224168189939048417908658905 17 1011062080 287
inv 1 300 -63421692768217882443382322896459080229791158795011731879476886607539926587853265532905734263 -13 1044693810 262
mul 3 300 -60438451 -13 1041999310 -24 2018687853077734990625860654416644211069172965047005926326770160576472569140780153762767541 -632 798052759 -362
inv 0 300 -149 -283 0 0
mul 0 3 -3573266857581 -66 872379602 -54 -1 20 536870912 -10
rat 0 64 93 9
rat 0 64 -89 28
rat 0 2 -87 32
rat 0 1 41 97
mul 2 3 247 -7 1034981376 -29 -5777732870247 -1 617128449 12
mul 3 1 -23 11 771751935 -14 -3 -13 805306368 -46
mul 2 64 593900203 9 593320222 9 1 19 536870912 -15
rat 0 1 -52 96
mul 2 1 629 15 591936470 -6 209916393 -81 874655289 -84
rat 0 300 -13 89
mul 2 300 1845373630262897349190931335173567112573482734191854070799582701811907172293677107460236955778589511262499105431883613889055837182918421627306293262492531979932187694880259689301740890480758553 3 867746015 612 -1 -6 922668095 -37
mul 0 64 241434614226385839115744432980686607570820987397133 -288 843354563 -152 54403321272371057737 250 674873869 284
mul 0 64 -422908924494011483469 6 601836170 44 669 -4 701497344 -31
mul 1 300 -61901202892402705546424889632716458636925946391459703805605417776301502588176588670306932613 -14 589570900 258 2931290792301493534424409360043196887291333692059132086454599547483547810441596237232902852828244949173028668065980368068395202998377923464077395757641763012425742496951830375748619955809790183 15 689860928 625
mul 2 3 767 -2 804257791 -22 3 9 0 0
mul 1 300 -444066993945725452290832990916127643780794162562270557645178939101624753739510148844171525 -3 936288428 265 -3 -818 0 0
mul 3 300 1798175951354109572636790586892449460746180286458963211151631358723063332890210426553600953 18 828231786 287 -5 914 1049851891 885
inv 1 64 1 0 1073741823 -30
inv 1 2 -308681609 -7 926044827 -9
inv 1 2 99 15 1001786438 -9
inv 0 3 -91 -7 0 0
mul 3 1 5 -18 671088640 -46 -1 1 1073741822 -29
mul 2 64 -3 229 804519936 201 -1 233 1073741823 203
mul 0 64 -7 2 560488500 -27 -844156135 184 844156134 184
mul 2 1 -3 1 804519936 -27 -33 59 0 0
mul 3 1 785 10 797409280 -10 -785998295 19 785998293 19
mul 2 2 -909049711 -10 689955477 -14 -749 -66 567057927 -87
mul 0 64 7 -19 939524095 -46 1 10 536870912 -20
rat 0 1 60 74
mul 1 1 1 -18 805306368 -48 -1 -18 536870912 -52
mul 1 3 -14385815139127 45 0 0 -3 16 805306367 -12
rat 0 2 79 35
mul 1 2 -14735468383697 63 0 0 -595847513 -46 595847512 -46
inv 1 1 1308294659253 5 638815750 16
mul 2 64 -1 -6 536870912 -36 -1 -1 682883092 -31
mul 3 1 7 -79 939524095 -106 1 8 939524096 -22
mul 3 300 -277587414680097995122577018813386398111523114650076286720261967559203804126555980042517087 674 0 0 3 13 756039777 -17
mul 3 3 -151 -11 0 0 3 19 603979776 -9
mul 1 300 4261960618925154323868920441235640760920747523202871258172061015313679599340909378250447333302304591901678703513308816724641778850550611782006784395184180892197692715543950506740723576128384675 889 1003025738 1498 -30475073940378333522602789633129147533676477656879478781339986432177237114761505965216378557 374 972607628 648
inv 0 2 12600584089883 20 0 0
mul 1 3 7 -9 848870783 -41 965853429 -43 845121750 -43
inv 0 64 1 2 0 0
rat 0 300 -64 1
mul 1 1 -1 -1 1073741823 -31 -45 15 754237440 -9
rat 0 2 50 8
mul 1 300 53921839 9 723509144 4 -461 -15 966787071 -36
inv 0 3 -1 -12 1073741823 -42
mul 0 2 -989 8 1037041663 -12 -1 -4 1073741823 -34
mul 0 1 -1 -14 1073741822 -44 3 20 603979776 -8
mul 3 2 -1 65 765978813 35 -49 8 622031624 -16
inv 1 3 -425 4 891289599 -17
inv 1 3 21 13 0 0
mul 0 64 24883763531619015645 -2 724212834 28 761 -9 769237974 -29
mul 2 3 805 27 1027497589 6 1 18 555789640 -14
rat 0 1 89 49
rat 0 300 5 99
mul 1 2 381866733 -17 572800099 -24 1 -66 1073741823 -96
rat 0 3 64 32
rat 0 64 -81 22
mul 2 64 -171508253266922738515034238532904601629239971070193 4 763194388 140 3 11 771470409 -17
mul 0 1 1 -16 805306368 -51 103 7 837025792 -16
inv 1 64 14877434731275883779 5 682353023 38
mul 2 3 763 12 799282176 -8 -933 13 856031232 -7
mul 2 300 179136611 141 0 0 -3 -12 804519936 -40
mul 2 3 -7 -20 938606592 -47 -591699421 18 0 0
mul 0 300 147836845 -15 591347379 -17 -3 17 805306367 -11
rat 0 64 -97 93
inv 1 300 12640570108408179350087096038111641831489165339157599953684949740464103204770575783039941961 -13 832871201 260
rat 0 300 -31 55
mul 1 300 4322277733017336655377428451744310197605841106380653249433512886642542276378742331379004489753960742394452800450680814928596543535324728155093093988901374310773097694409790068139027506715122263 -5 1047896225 604 -3 -8 0 0
rat 0 3 -28 74
mul 2 64 -1032495633 15 0 0 855 17 565623885 -3
mul 1 300 -1 -831 763670283 -862 -831 -327 871366654 -347
inv 1 64 5 133 671088639 106
rat 0 2 -59 27
inv 1 3 1 -13 1040187392 -43
mul 0 64 -1 9 1040187392 -21 185903923923901828404924294139631126290476244506543 17 1067036193 154
mul 0 3 -71 -62 0 0 -228096647 -13 0 0
inv 0 64 1 8 0 0
rat 0 3 -68 56
rat 0 300 -26 91
inv 0 1 3 2 805306367 -26
mul 1 300 -1022896265658091275175518991140855313357606334124370241089724338512224111290943081403105565 -12 0 0 -303327806133042133283772366099538070721183114859868118087660395245942843278238603479786551 15 638923795 283
mul 3 2 533 2 0 0 -1 14 536870912 -16
rat 0 3 48 89
mul 2 300 -1114337851033902878322749999831013076049927702107440027950769077401693149287511529190390879 -11 587378510 258 455 14 954204159 -7
inv 0 1 781121913 -24 781121912 -24
mul 2 64 7 19 1045377193 -12 -3 185 805306367 157
mul 3 3 -601 -5 945291264 -28 3 19 0 0
rat 0 2 -49 19
mul 0 64 321611177 -10 954257715 -12 -201503249574615651696786705097645469843996201127439 139 578285965 276
inv 1 2 -1 79 989718075 49
rat 0 2 13 72
mul 0 3 997 11 600477843 -9 -1 10 1073741823 -20
mul 2 3 -2644962663945 -4 576403868 5 161 -15 590872576 -37
mul 2 300 667 -13 677543936 -33 -3781493329769469655934397892802405754992492113355566283883090400555815530745048100383764144662007429192381402791504746051397484772076405787005922918699561243309741952703135330692715558395021683 4 904469932 612
mul 3 2 -1 -17 1073741823 -47 -1 15 977892743 -15
rat 0 64 -5 96
mul 0 1 -147 3 924844032 -20 -231 19 968884223 -3
mul 0 300 3 184 668987754 154 -791 5 829423615 -15
mul 1 64 3 -16 704643072 -44 -32384571 191 1036306272 183
mul 1 1 -1 -46 591386997 -76 -895051355 1 894177281 1
mul 0 300 -25411975375486161100955596371723576721017407977855207961744811586313826716299048647459493303 13 0 0 4320699522691114573719511746911340085535448350572746309378758420877006378259677879141891225852647567037296432439076225598824954685106100939258790402124601349585655038224957801988786183060681375 -5 1016849571 604
rat 0 2 -63 77
rat 0 3 -62 92
mul 1 1 -1 -62 1073741823 -92 -597991461 -92 584924413 -92
mul 0 2 85276325 -26 547385597 -30 43 16 721420288 -14
mul 2 2 -832323811 -95 1043891790 -102 -769 16 701904618 -5
rat 0 2 14 18
mul 2 3 -7 16 971610598 -15 5 -60 981208004 -90
rat 0 1 -13 97
inv 1 300 3 9 0 0
rat 0 300 -99 22
inv 0 3 167 -80 878575128 -107
mul 3 1 219 54 657648654 32 1 -59 0 0
rat 0 1 48 23
mul 2 2 5 2 0 0 -1 -19 536916544 -49
mul 2 64 493 6 1033895934 -15 257602876251815604073396567722305246442721933549977 7 554462998 145
mul 2 2 1 6 1063624382 -25 3 -3 805306367 -31
mul 2 300 1 20 536870912 -13 3 1 0 0
mul 3 64 1 240 536870912 205 14845150864731852515 105 864101507 139
rat 0 3 1 99
mul 1 64 1 12 1073741823 -18 640625251 -11 640625250 -11
mul 0 3 -133 19 0 0 -429 -20 0 0
mul 0 64 -1 20 1073741823 -10 -18174090019659808609 -19 1057871269 15
mul 0 2 -3 -4 581728395 -32 3 17 721857987 -11
mul 3 64 -314182388380940762895 -140 571494435 -103 505414226900194415639 17 854303187 56
inv 1 3 29 20 876044560 -6
rat 0 300 61 1
mul 0 3 -32710663678971 9 979619844 24 1 19 726195374 -12
mul 2 300 1 -12 994297519 -42 685857127 -17 1028785690 -18
mul 2 3 -3 -92 0 0 -1 6 1073741823 -24
mul 1 1 1 4 536870912 -26 -649 21 589650574 0
rat 0 300 -89 55
inv 0 2 7 -18 0 0
mul 0 3 -3 80 805306367 52 37674771 13 0 0
mul 1 1 -477132839 39 954265677 38 -1 18 1073741823 -12
rat 0 1 86 83
mul 0 2 60843265 -53 724930591 -57 1 15 0 0
mul 2 300 771662015 771 0 0 -3 -2 640513478 -31
mul 0 3 873919609 -8 846609621 -8 -3 -12 805306367 -40
rat 0 3 17 7
mul 1 64 1 -14 0 0 -853654545 -15 1028727633 -16
mul 0 64 350740728451751594975 -203 956990502 -165 -384107763602299673253 12 617453096 49
rat 0 1 22 15
rat 0 64 39 86
rat 0 2 73 85
rat 0 2 -92 5
inv 0 1 1 -12 769752226 -42
inv 1 64 -4455130079953217123 3 1037290804 35
mul 3 2 537 3 805160479 -22 -121 2 773691920 -26
mul 0 3 -637664421 -8 1035685721 -10 -285 6 597688319 -15
inv 0 3 -924698759 39 693524069 39
inv 0 300 41564288606259057178786515636983950635448349287849029583722366113218530118345166032710020983 -6 0 0
mul 3 300 1 3 761403116 -28 -3 -778 0 0
rat 0 300 79 42
mul 1 2 3643962442967 16 736078764 28 -1035748657 -17 1001562728 -17
rat 0 2 -56 24
inv 0 3 87 6 729808896 -23
mul 1 3 -7 -50 939524095 -77 -3 -18 677717160 -47
inv 0 3 1 20 0 0
inv 0 300 -545 -9 889793616 -30
mul 0 1 -232175157 -18 928700627 -20 -353 -66 0 0
mul 3 64 -684094417 -18 684094416 -18 -1 -260 1073741823 -290
inv 0 64 146417429165200085090641047606933777615457807889963 -17 735345474 120
inv 0 3 7 -14 756076879 -41
mul 0 300 -41152504521878673294748226911112230253956956198356807144390725109992793334618100309900706323 12 0 0 3 16 0 0
mul 2 2 1 17 566081872 -14 -3 -27 0 0
mul 1 1 -1 -5 536870912 -37 -1 -3 805306368 -39
rat 0 64 -12 80
mul 3 1 1 80 1073741822 50 -31 8 627555257 -17
rat 0 1 -71 52
inv 1 1 19 9 904000680 -20
mul 0 2 -903 -7 872633645 -33 1 -19 536870912 -54
rat 0 1 -97 14
mul 3 2 1 4 0 0 -71 -5 893386752 -29
rat 0 2 96 92
mul 0 64 307 -20 643825663 -41 1 -258 0 0
mul 2 64 3 17 805306367 -11 5747082081467605677 15 754804099 47
mul 2 2 -83 0 609222656 -23 -416500515 -2 766703073 -3
mul 0 300 1001355897 -16 1001355896 -16 613 805 0 0
inv 0 64 257 102 933078675 80
mul 3 1 -1659607698051 17 0 0 793717643 82 0 0
rat 0 3 65 3
mul 1 1 3 -13 669279630 -43 3 -35 804519936 -63
mul 2 3 -9 -74 643258883 -101 -165 64 670433280 42
mul 0 64 -64570046043287881783118261870603932333798059509153 9 741227776 145 -506036692099846034739 216 858162605 250
inv 1 64 -3 9 1038581976 -20
mul 0 300 3283413746869708285174876297292359065457427404974678785355271415411699687924695190880897514298033568311127010135556555727197878510139135981277599603684248055199182873525074133064799292651512185 -3 691551443 607 -1202285557154042660165113737552892034824861318538378813656546690455314226229260898266799031 3 992514438 271
mul 3 1 15517300721831 -5 947100873 9 -325440934521 104 1065224800 111
mul 3 3 -35890607884273 4 0 0 805 18 0 0
mul 3 300 1 -576 1073741823 -606 649 -10 1020788736 -31
mul 2 1 729 -12 764411904 -33 -1 9 1073741823 -21
inv 0 1 -3 11 0 0
inv 0 1 -1 -12 1072693248 -42
mul 1 3 -3 -5 805306367 -33 893560675 11 893560675 6
rat 0 2 18 98
inv 0 2 -9013785269653 -1 550157791 13
inv 1 2 506518567 -17 0 0
mul 2 2 181 18 688936712 -4 -7722857375169 -5 942731613 7
inv 1 64 105578097358041775131 4 768181761 39
inv 0 300 20765812626800896143937569401286278464696729701783923553245424827676228382255576319216384079 -7 684116584 267
inv 1 64 102028505 -12 792967478 -17
inv 0 64 1 113 832141459 82
rat 0 2 91 37
mul 2 2 3 2 614334721 -26 -3 -18 704643072 -46
mul 1 300 -846617557 2 740790362 2 1 0 684524443 -30
mul 2 2 3 10 0 0 1 18 539462422 -12
rat 0 300 24 4
rat 0 64 -88 46
mul 1 3 991997409 52 683584661 50 -26913886110363 -4 795679540 11
mul 3 1 -1 41 593713610 9 51 -35 654793564 -60
mul 0 300 -2687981365099791162683423801083277855674830353698282463814545312026563404062373081961859142207588862783541077873439382217262422888936451468255497924878826758450893757449557378734929567245570433 11 0 0 46367760809406402071703580072982581343345381780002910601468788050511614032067896382511651549 4 0 0
inv 1 2 83 -27 696254463 -50
mul 1 1 -1 -5 1072693248 -35 -8961599236689 6 660092366 19
rat 0 300 49 86
rat 0 2 -8 48
mul 3 1 3 16 605386179 -15 3 -61 0 0
rat 0 64 -74 69
mul 3 300 6080431262084145247422168846012339178158689428687853947186549241155770752400696517372689553 -441 796419498 -170 694833051 628 0 0
