eq 5 12 19 30
ov 1 1 1 4
ov 1 1 1 6
ov 17 30 1 1
set 15 4
inv 1 4
set -35 6
eq 5 12 1 0
eq 810385757487967492506995354021862116443668535779594203900871 1606938044258990275541962092341162602522202993782792835301376 1 1
inv 11 12
mul 362922444943301384641925274052832588031136272731371593847241 1606938044258990275541962092341162602522202993782792835301376 1 0
inv 1 2
ov 646765288453231871643 1180591620717411303425 1 0
norm 1 6
mul 5 12 17 30
ov 647773575954615322373 1180591620717411303425 1 0
contains 1 2 1 3
eq 1470737711804788657321547028732039087693298954763494183833589 1606938044258990275541962092341162602522202993782792835301376 1 3
eq -1 0 1 2
set 18 -1
set -29 6
ov 1 1 3 4
set -32 2
mul 11 12 1 2
contains 11 30 1 1
mul 1 1 1 4
ov 180383849901308468858801282122546887904406039805854539904273 1606938044258990275541962092341162602522202993782792835301376 17 30
eq 1 1 29 30
mul 1 0 3 4
mul 1 4 1 1
norm 1 4
inv 13 30
ov 1369188066474106882090727848065287087120486394323772154024451 1606938044258990275541962092341162602522202993782792835301376 29 30
eq 1 2 -1 0
contains 5 12 1 1
set -25 -1
mul 3 4 1 0
eq 19 30 3 4
ov 1 0 1 3
contains 1 0 1 2
ov 1 2 1 1
eq 7 12 7 30
ov 1 30 1 0
inv 3 4
inv 1041151013630427100009539890116843652022461478261715252283155 1606938044258990275541962092341162602522202993782792835301376
contains 29 30 5 6
contains 1185444450140162416559578213840032528439842670207073134503087 1606938044258990275541962092341162602522202993782792835301376 1 4
norm 1 6
inv 1 1
contains 1 6 1 1
inv 821393134239621314488690529420725291849216734281406403002843 1606938044258990275541962092341162602522202993782792835301376
ov 1 2 11 30
eq 1068060145514670598253208325801120826081192463160871969534695 1606938044258990275541962092341162602522202993782792835301376 1 0
set 40 4
eq 1428450240971860744142228637513131876273574029136895731291207 1606938044258990275541962092341162602522202993782792835301376 1 1
ov 5 6 1 3
contains 3 4 1 4
set -26 2
eq 5 6 -1 0
mul 1 0 1 2
eq 1 6 1 2
norm 11 30
ov 121474775532290640658 1180591620717411303425 5 6
norm 1 1
norm 46479747380733100531204019811713402940025252351283920405109 1606938044258990275541962092341162602522202993782792835301376
contains 1 12 1 4
ov 755259980124304489588341315343186922273487286789604280285263 1606938044258990275541962092341162602522202993782792835301376 1 1
ov 1 2 1 4
mul 1 2 3 4
ov 211853660363622614463 1180591620717411303425 1 3
ov 1 12 1 1
inv 5 12
ov 1 4 1 4
ov 3 4 1 2
eq 1 1 19 30
eq 209959605047342058095802465855582355884979654772349791148775 1606938044258990275541962092341162602522202993782792835301376 13 30
contains 1042393773791516696041903482222035264453691335870250396932497 1606938044258990275541962092341162602522202993782792835301376 1 2
contains 23 30 1 6
contains 1 2 1 2
inv 253419476709699875745741373302298372592517811998588032597665 1606938044258990275541962092341162602522202993782792835301376
set 20 -1
contains 1 2 1 6
inv 1 12
contains 5 6 1 2
set 30 -1
set -25 1
mul -1 0 3 4
ov 358283499941525831811737654531424602517961619525236731723525 1606938044258990275541962092341162602522202993782792835301376 1 30
mul 1 1 1 2
norm 1 0
ov 1 0 1 30
eq 73260033889919625189321684625254910309130532990522228442219 1606938044258990275541962092341162602522202993782792835301376 1 4
contains 511233450356752295422 1180591620717411303425 3 4
contains 1 0 1 2
contains -1 0 1 1
eq 1 0 1 6
inv 1 6
eq 5 6 1 2
mul 5 12 1 1
ov 1 6 2 3
norm 5 12
set -15 1
inv 5 12
mul 11 30 1 1
ov 1 4 5 6
inv 1 1
norm 5 6
inv 1 6
set 48 1
norm 5 12
ov 30614963690654149842 1180591620717411303425 1 1
ov 11 30 1 6
ov 29 30 1 6
inv 7 12
eq 996958050769703858363944463598692519037127574108108930139829 1606938044258990275541962092341162602522202993782792835301376 1 2
mul 1 4 1 1
eq 11 30 5 6
eq 1 0 1 0
inv 5 6
norm 1 0
inv 1 4
norm 1 0
ov 23 30 1 3
contains 17 30 19 30
norm 1 2
ov 876175620815258320639 1180591620717411303425 1 2
mul 1 6 1 0
contains 1392733143066579903991863427522359924362807609621921798506483 1606938044258990275541962092341162602522202993782792835301376 1 6
ov 1 1 1 0
eq 1 1 -1 0
mul 13 30 2 3
contains -1 0 1 2
set -13 6
ov 5 6 5 6
ov 5 12 1 1
contains 1 0 1 1
contains 1 6 2 3
inv 1 12
norm 1 2
set -37 0
mul 19 30 1 6
norm 232176364827569727566584845995135358293207648404270758511439 1606938044258990275541962092341162602522202993782792835301376
eq 1 4 5 6
mul 1 0 1 0
set 26 0
mul 23 30 5 6
contains 5 6 3 4
eq 339646969547212074699086396100176821331865841916161764975701 1606938044258990275541962092341162602522202993782792835301376 1 4
set 42 1
set 22 6
norm 1 1
inv 7 30
mul 17 30 1 4
mul 29 30 2 3
inv 1 6
contains 1 1 5 6
eq 1 4 3 4
mul 5 6 -1 0
inv 720101482406507620196 1180591620717411303425
contains 11 30 2 3
contains 23 30 1 0
mul 1 1 17 30
contains 1 1 1 2
ov 1 1 1 1
set 0 4
inv 1 12
eq 5 12 -1 0
eq 1 1 1 2
contains 1 2 2 3
norm 1 2
mul 101386272183046707244163119418434595715802396359605273293377 1606938044258990275541962092341162602522202993782792835301376 1 2
norm 13 30
set 46 6
mul 13 30 3 4
eq 981509885844872983466 1180591620717411303425 1 3
set 14 0
norm 81208908464438031082 1180591620717411303425
eq 1 2 1 4
inv 3 4
inv 297454397892999191079 1180591620717411303425
ov 3 4 2 3
ov 7 12 5 6
mul 5 12 1 2
inv 1 2
set -9 9
set 9 0
mul 1 2 1 2
eq 7 12 -1 0
inv 1 2
norm 1 4
inv -1 0
norm 11 12
eq 566061576437341293174 1180591620717411303425 1 1
eq -1 0 5 6
inv 1 12
eq 11 30 -1 0
contains 1 2 3 4
ov 1 1 19 30
set -2 -1
contains 913393548874390707232573223373300019884235397159185180784433 1606938044258990275541962092341162602522202993782792835301376 1 4
set -33 4
ov 761950686563391018764 1180591620717411303425 13 30
norm 1 1
eq 5 6 1 4
norm 1 1
eq 1 2 1 1
norm 1 12
eq 320169722964680607544217147721395306210744785640251075243567 1606938044258990275541962092341162602522202993782792835301376 5 6
inv 7 12
mul 1 6 5 6
inv 1 12
eq 176508096575288587976 1180591620717411303425 17 30
inv 1 4
set 0 6
ov 1 1 -1 0
inv 219686082853015492266 1180591620717411303425
inv 1 4
set 45 6
ov 1 2 1 1
contains 1 2 13 30
mul 616648345810221803669 1180591620717411303425 11 30
norm 7 12
inv 467526643338506363591 1180591620717411303425
eq 432048962040206664259 1180591620717411303425 5 6
contains 5 6 7 30
norm 1 2
contains 5 12 1 4
ov 1 1 1 1
eq 23 30 1 6
mul -1 0 1 6
mul 1 2 2 3
mul 5 12 1 2
mul 1 2 2 3
mul 1420119594828634938670861866870063422004091140701284344611207 1606938044258990275541962092341162602522202993782792835301376 1 3
mul 5 6 19 30
set 11 2
eq 3 4 1 2
contains 10006742601918025149 1180591620717411303425 1 6
ov 1 0 1 6
ov 23 30 1 2
inv 533898352296407599827172370095796135948038968194101653498961 1606938044258990275541962092341162602522202993782792835301376
contains 7 12 1 1
set -20 2
ov 17 30 2 3
contains 156926863829370187855583057336050200486697778662548215062819 1606938044258990275541962092341162602522202993782792835301376 3 4
eq 1 4 17 30
mul 459324205896495041220221056291537274080428091237249070150263 1606938044258990275541962092341162602522202993782792835301376 1 3
norm 1 1
contains 1 1 2 3
contains 5 12 5 6
norm 1 2
contains 1 12 -1 0
inv 1 1
inv 1 6
inv 50172860325141946029991276410335485660212128301030975862011 1606938044258990275541962092341162602522202993782792835301376
ov 1 4 -1 0
contains 1 2 1 2
norm 3 4
norm 1 1
set 37 0
ov 1 0 19 30
mul 5 12 1 3
mul 366145804201740120578 1180591620717411303425 1 4
eq 612951762410839803052 1180591620717411303425 19 30
eq 3 4 1 2
set 6 6
set 31 9
norm 1 0
contains 1 1 2 3
set 8 9
mul 780842973068043765466199501405363471582329305144954795519815 1606938044258990275541962092341162602522202993782792835301376 1 0
norm 1 2
contains 1 2 1 6
contains 164945115604326786716 1180591620717411303425 3 4
mul 1 0 1 1
ov 1 0 1 0
eq 1 1 7 30
contains 11 30 5 6
inv 1 2
mul 525728112908832670509 1180591620717411303425 1 2
inv 471845148540972494122 1180591620717411303425
norm 1 12
ov 1 4 1 4
inv 3 4
contains 3 4 5 6
ov 647638324716991493901 1180591620717411303425 3 4
eq 29 30 -1 0
eq 1 1 1 1
eq 1 1 1 0
norm 5 6
set 49 4
contains 1275302861722146094329647050954251084970321177419001857294219 1606938044258990275541962092341162602522202993782792835301376 1 0
eq 7 12 -1 0
contains 1407409927973568371300194335831251593766182425295690839644611 1606938044258990275541962092341162602522202993782792835301376 2 3
mul 19 30 1 0
contains 1 1 1 0
contains 476596460016255953700758076127640502815420203018367969603409 1606938044258990275541962092341162602522202993782792835301376 1 3
ov 1 1 2 3
eq -1 0 -1 0
norm 1014943568643676305507 1180591620717411303425
set 37 0
ov 1 1 5 6
mul 1 1 1 3
norm 7 12
set -5 -1
contains 1 6 3 4
norm 1017721555317335486026 1180591620717411303425
inv 1 12
eq 5 12 5 6
mul 1 4 1 1
eq 1 2 3 4
contains 1 2 5 6
eq 1 1 1 4
inv 1105887489760461571415946116092133402077914560026345982012557 1606938044258990275541962092341162602522202993782792835301376
mul 1 1 5 6
norm 1 0
eq 1 0 19 30
inv 510511792376803848408424444181535620706813020528959048837935 1606938044258990275541962092341162602522202993782792835301376
mul 1 2 5 6
eq 852751243985086506485653424151014855016953978560379256304629 1606938044258990275541962092341162602522202993782792835301376 1 0
mul 1 2 1 6
mul 1 2 5 6
inv -1 0
contains 154328695761942043163 1180591620717411303425 5 6
mul 13 30 5 6
contains 1 6 1 2
mul 22790147888531202458024245545495277179447500913629532812123 1606938044258990275541962092341162602522202993782792835301376 2 3
inv 1368402124039614810188333525967714551762761994777797024925731 1606938044258990275541962092341162602522202993782792835301376
ov 1 4 2 3
set -7 1
mul 1 2 3 4
norm 1 1
set 7 2
set 16 1
eq 547286974495631418801487298270513544494143337191055357146923 1606938044258990275541962092341162602522202993782792835301376 11 30
contains 1 6 2 3
mul 865516593799881345456 1180591620717411303425 -1 0
set 26 -1
eq 1 1 23 30
ov 11 12 19 30
norm 1435098286820086243724307030604253519847400283260649524412787 1606938044258990275541962092341162602522202993782792835301376
eq 1 2 2 3
norm 583893127483199552006 1180591620717411303425
inv 3 4
contains -1 0 1 3
mul 1 0 1 4
eq 1 1 1 6
set 27 9
contains 1 4 -1 0
inv 1 1
set -46 6
set 49 4
norm 11 12
inv 105413529466304929894186884076624482986680188473339705272475 1606938044258990275541962092341162602522202993782792835301376
mul 555870352584712425477 1180591620717411303425 3 4
eq 1 4 1 2
inv 1 2
mul -1 0 1 2
inv 490076092710745132964955516780321096721556732361538541031305 1606938044258990275541962092341162602522202993782792835301376
set 38 9
ov -1 0 1 6
norm 1 4
norm 1 2
ov 13 30 1 2
contains 1 4 1 2
set 28 1
inv 17 30
norm 1 0
contains -1 0 1 6
contains 1 4 17 30
norm 19 30
ov 1 4 1 6
contains -1 0 5 6
contains 7 12 1 4
inv 29 30
inv 923904709087972409987914799744857132334589642034500733859079 1606938044258990275541962092341162602522202993782792835301376
ov 17 30 2 3
ov 7 12 2 3
eq 3 4 1 1
eq 389434863347700932144 1180591620717411303425 1 2
mul 1 2 5 6
inv 1 6
contains 5 12 3 4
inv 23 30
inv 5 6
norm 1 2
mul 602045221811606318153 1180591620717411303425 3 4
set 20 4
contains 1 6 1 4
contains 5 6 1 2
set 1 2
contains 23 30 5 6
set -27 6
norm -1 0
eq 1 1 23 30
mul 3 4 1 1
contains 5 6 1 0
norm 1 2
norm 686552966651094162664355352293016928862632478593219152035955 1606938044258990275541962092341162602522202993782792835301376
contains 1 30 3 4
eq 1 1 3 4
norm 1123524343363032670932 1180591620717411303425
ov 914662077833444314901 1180591620717411303425 1 2
norm 17 30
norm 1 6
mul 5 6 1 0
ov 5 12 2 3
ov 633550728029439016178468697534078629356833504870893065190467 1606938044258990275541962092341162602522202993782792835301376 -1 0
eq 1 12 1 2
contains 1 4 5 6
mul 1 1 1 1
eq 1508067790808697417416166650957911028726620097602558504670237 1606938044258990275541962092341162602522202993782792835301376 1 3
set 40 9
contains 1 4 1 4
mul 1 0 2 3
ov 5 6 1 2
eq 1 2 1 2
norm 1 2
inv 1136741185778239895329 1180591620717411303425
inv 1 2
inv 5 12
norm -1 0
inv 7 12
inv 3 4
inv 1 1
eq 115183768528734793617 1180591620717411303425 7 30
eq 11 12 1 3
mul -1 0 1 30
mul 1007456155467636026913676150184548738580270050208571699075579 1606938044258990275541962092341162602522202993782792835301376 5 6
inv 11 12
mul 1 4 1 1
eq 1 0 2 3
set 5 2
set 46 2
mul 826816623983764000457 1180591620717411303425 2 3
ov 1 12 -1 0
contains 1 1 1 0
mul 1 4 3 4
set -26 2
set -44 2
norm 1 4
ov -1 0 1 2
mul 29 30 5 6
inv 3 4
mul 5 6 1 1
norm 3 4
inv 1044194763975625700063 1180591620717411303425
contains 3 4 1 1
norm 7 12
mul 1 12 1 2
mul 1 2 1 1
eq 1 2 1 4
norm -1 0
ov 1475963140215424988835346265971657060494607450590744913532503 1606938044258990275541962092341162602522202993782792835301376 17 30
set -39 -1
inv 1 1
norm 1 2
eq 736912239857891715677631331678789236371676635639093083994699 1606938044258990275541962092341162602522202993782792835301376 5 6
norm 1 1
ov 5 12 2 3
mul 3 4 7 30
set -18 -1
set -27 1
ov 1 1 5 6
inv 1 1
ov 1 1 3 4
set -21 1
ov 5 12 1 1
eq 589371746683960355362028422598452107733990824809627598158833 1606938044258990275541962092341162602522202993782792835301376 1 2
mul 660773757165247431709 1180591620717411303425 1 3
contains 5 12 1 2
eq 1429226991444492572495943973798916752308611762931164472041159 1606938044258990275541962092341162602522202993782792835301376 3 4
ov 1482393785301371498177259932033562459600478816480207188011565 1606938044258990275541962092341162602522202993782792835301376 1 2
contains 3 4 1 1
eq 192480103908967755701295990578835057022857594020131456748039 1606938044258990275541962092341162602522202993782792835301376 1 3
ov 1365200482892272745442575020277167269378691682745434198792515 1606938044258990275541962092341162602522202993782792835301376 5 6
ov 3 4 2 3
contains 1 30 1 2
inv 5 12
contains 1 2 1 6
inv 1 0
set 21 2
inv 1 0
norm 7 30
mul 482364931553218470918231645576996163522179524285239955228237 1606938044258990275541962092341162602522202993782792835301376 5 6
mul 5 12 1 1
contains 599167334701337361854 1180591620717411303425 29 30
mul 1 2 3 4
ov 644570182898370876276 1180591620717411303425 1 1
contains 5 6 1 6
inv 171183860809282494378 1180591620717411303425
mul 7 30 2 3
eq 1 12 1 1
set -35 9
ov 184809940812087767424199338835468611631709333738688782478435 1606938044258990275541962092341162602522202993782792835301376 5 6
norm -1 0
set 40 6
norm 3 4
eq 1 1 5 6
ov 1 2 5 6
contains 13 30 1 0
norm 1 2
eq 1 2 1 30
mul 23 30 1 3
mul 1 1 29 30
set -28 1
eq 3 4 19 30
contains 1 4 1 2
mul 675122274932654649504 1180591620717411303425 29 30
set 12 1
eq 1 2 2 3
mul 941097174641607195205430135689434324724866134997609294820953 1606938044258990275541962092341162602522202993782792835301376 1 2
eq 23 30 5 6
norm 29 30
inv -1 0
contains 1 12 1 4
eq 7 12 1 2
inv 5 6
norm 1 4
contains 1 2 1 2
mul 29 30 1 1
mul 1 2 2 3
norm 3 4
mul 19 30 29 30
eq 1 1 5 6
ov -1 0 1 2
inv 11 12
inv 41104287175788284542 1180591620717411303425
mul 1 12 1 4
eq 11 12 -1 0
mul 1 6 1 0
ov 576712655397246429947 1180591620717411303425 1 30
ov 1 0 11 30
ov 3 4 5 6
inv 7 12
norm 1 0
ov 1 1 13 30
ov 7 12 1 0
inv 475806244812560361539 1180591620717411303425
inv 674942438683191462648 1180591620717411303425
eq 1 1 1 6
mul 1 1 1 6
eq 619703667270039008257988068034202070493010203136653127345145 1606938044258990275541962092341162602522202993782792835301376 1 2
set 38 4
inv 5 6
ov 1 1 1 2
set 49 1
eq 1 6 3 4
ov 5 12 3 4
norm 5 12
contains 517226951894843112808170855146443076367042374469586540619591 1606938044258990275541962092341162602522202993782792835301376 1 3
contains 1224089068825769329765696609147328779338952503558573200830985 1606938044258990275541962092341162602522202993782792835301376 1 1
ov 1 0 -1 0
contains -1 0 1 0
set 16 6
norm 1 2
inv 245931197323773975907 1180591620717411303425
ov 1 2 1 1
mul 459277607286042454533223527864039235911677036886050130426463 1606938044258990275541962092341162602522202993782792835301376 1 0
contains 788368612872855471072415582090140506109345944259930510292485 1606938044258990275541962092341162602522202993782792835301376 2 3
ov 5 6 1 30
norm 1 1
eq 13 30 1 1
ov 1 1 5 6
set -48 4
contains 5 12 1 3
set -21 2
mul 1 0 1 0
contains 1 4 5 6
norm 772766374806523806152 1180591620717411303425
inv 332161304646607662358 1180591620717411303425
inv 3 4
eq 133473995427436239051 1180591620717411303425 1 1
inv 1 2
ov 1 2 5 6
inv 13 30
inv 551921801430713434192619564048899570021338691118114624036061 1606938044258990275541962092341162602522202993782792835301376
mul 753801063691425115176113024901900126391958941471287516461189 1606938044258990275541962092341162602522202993782792835301376 1 1
inv 1 12
eq 1 0 1 4
norm 7 12
ov 5 12 1 0
mul 11 12 1 1
norm 1 2
norm 1585189947476487706929026104660104962813644059297952779998001 1606938044258990275541962092341162602522202993782792835301376
mul 1 4 1 6
contains 1 6 1 4
inv 1 1
mul 1 6 1 2
inv 5 6
ov 1 1 23 30
inv 1 6
mul 13 30 1 1
eq 1 6 -1 0
norm 3 4
eq 7 30 19 30
inv 916127166462234718427 1180591620717411303425
eq 1 2 1 3
inv 142906235012065672074331030938201994593418454391784089938949 1606938044258990275541962092341162602522202993782792835301376
mul 1 4 1 1
